0 0.04140625 0.24609375 0.04453125 0.0484375
0 0.18828125 0.25859375 0.04921875 0.0390625
0 0.290625 0.3515625 0.06328125 0.0546875
0 0.384375 0.290625 0.03203125 0.04609375
0 0.41328125 0.240625 0.0265625 0.02578125
0 0.453125 0.2984375 0.02265625 0.03046875
0 0.5203125 0.38046875 0.06796875 0.03984375
0 0.53046875 0.30625 0.06953125 0.04609375
0 0.6921875 0.340625 0.03359375 0.040625
0 0.77265625 0.409375 0.03828125 0.04453125
0 0.7609375 0.34296875 0.01953125 0.02109375
0 0.87578125 0.4734375 0.03046875 0.02890625
0 0.92265625 0.48203125 0.028125 0.034375