0 0.5390625 0.50078125 0.07734375 0.09140625
0 0.61171875 0.39609375 0.06640625 0.0546875
0 0.28125 0.2859375 0.05234375 0.03671875
0 0.86015625 0.4953125 0.06484375 0.07578125
0 0.75703125 0.38203125 0.0234375 0.03046875
0 0.52890625 0.30625 0.04296875 0.03671875
0 0.43515625 0.3328125 0.0609375 0.03984375
0 0.659375 0.40078125 0.0390625 0.04375
0 0.228125 0.284375 0.0671875 0.0546875
0 0.07421875 0.29140625 0.05546875 0.04296875
0 0.11484375 0.31015625 0.04765625 0.0203125
0 0.0328125 0.34375 0.02578125 0.03828125