0 0.0984375 0.26484375 0.03984375 0.03125
0 0.1671875 0.33515625 0.04453125 0.05703125
0 0.0875 0.340625 0.03515625 0.025
0 0.25234375 0.29375 0.06015625 0.03984375
0 0.3015625 0.35234375 0.08203125 0.04140625
0 0.38671875 0.31328125 0.06171875 0.04453125
0 0.4078125 0.27265625 0.04765625 0.02890625
0 0.44609375 0.35234375 0.0265625 0.04921875
0 0.54296875 0.35078125 0.08203125 0.06953125
0 0.57265625 0.309375 0.0609375 0.0484375
0 0.671875 0.33828125 0.07109375 0.1
0 0.8265625 0.48046875 0.0546875 0.03828125
0 0.90625 0.4421875 0.02109375 0.04921875