0 0.37578125 0.32734375 0.06328125 0.04375
0 0.4390625 0.3140625 0.04140625 0.03203125
0 0.5734375 0.37421875 0.03671875 0.04453125
0 0.75546875 0.37421875 0.04375 0.034375
0 0.70390625 0.234375 0.0234375 0.04921875
0 0.5234375 0.27890625 0.02421875 0.034375
0 0.31640625 0.30390625 0.05859375 0.05703125
0 0.27734375 0.36171875 0.059375 0.03203125
0 0.17890625 0.334375 0.06484375 0.05390625
0 0.128125 0.2796875 0.05859375 0.0484375
0 0.0890625 0.3328125 0.05078125 0.03203125
0 0.03515625 0.31796875 0.04375 0.04296875