0 0.128125 0.2609375 0.04375 0.02578125
0 0.0234375 0.35859375 0.03828125 0.034375
0 0.21171875 0.34140625 0.05546875 0.03671875
0 0.3 0.2921875 0.05390625 0.03046875
0 0.36484375 0.3609375 0.075 0.0484375
0 0.4078125 0.2609375 0.03046875 0.03828125
0 0.434375 0.31640625 0.04921875 0.05078125
0 0.59375 0.3609375 0.07421875 0.06953125
0 0.6140625 0.3140625 0.05390625 0.04296875
0 0.709375 0.3609375 0.06640625 0.075
0 0.8390625 0.484375 0.03046875 0.0359375
0 0.91796875 0.45703125 0.01484375 0.0359375