0 0.5671875 0.49375 0.09140625 0.11015625
0 0.63671875 0.47421875 0.0640625 0.05546875
0 0.640625 0.41640625 0.0515625 0.03984375
0 0.67578125 0.40703125 0.04765625 0.040625
0 0.77265625 0.3859375 0.02578125 0.02421875
0 0.88203125 0.49375 0.0625 0.071875
0 0.5453125 0.30859375 0.0453125 0.0359375
0 0.45390625 0.33671875 0.0640625 0.040625
0 0.29375 0.29453125 0.04765625 0.040625
0 0.23828125 0.29375 0.0625 0.053125
0 0.12734375 0.309375 0.04296875 0.03359375
0 0.05390625 0.28984375 0.0671875 0.05390625
0 0.0296875 0.34296875 0.03828125 0.040625