0 0.475 0.39609375 0.171875 0.2078125
0 0.803125 0.48515625 0.16953125 0.09921875
0 0.971875 0.2625 0.05 0.07421875
0 0.70859375 0.19296875 0.05859375 0.3171875
0 0.54453125 0.796875 0.096875 0.07421875
0 0.74140625 0.6734375 0.01953125 0.10390625
0 0.853125 0.8265625 0.03359375 0.09375
0 0.8609375 0.9109375 0.05546875 0.04921875
0 0.68359375 0.9109375 0.03359375 0.04453125
0 0.7 0.85625 0.028125 0.03984375
0 0.5109375 0.9109375 0.05 0.01484375
0 0.43046875 0.89609375 0.0359375 0.01484375
0 0.51640625 0.703125 0.0359375 0.09375
0 0.421875 0.6484375 0.08046875 0.12890625
0 0.171875 0.475 0.046875 0.059375
0 0.16953125 0.51953125 0.025 0.034375
0 0.10546875 0.703125 0.05 0.0296875
0 0.23046875 0.7875 0.0390625 0.059375
0 0.25 0.8171875 0.05 0.01953125
0 0.328125 0.80234375 0.0359375 0.01953125
0 0.3890625 0.77734375 0.028125 0.0296875
0 0.4359375 0.7125 0.04453125 0.01484375
0 0.478125 0.7921875 0.04140625 0.01953125
0 0.39140625 0.87109375 0.04453125 0.01484375