0 0.66953125 0.4109375 0.2859375 0.15859375
0 0.7859375 0.3171875 0.04140625 0.31171875
0 0.75859375 0.56953125 0.14140625 0.18828125
0 0.4640625 0.46015625 0.14453125 0.2078125
0 0.228125 0.33203125 0.06953125 0.0640625
0 0.98046875 0.2078125 0.03359375 0.0546875
0 0.9890625 0.18828125 0.01640625 0.0546875
0 0.7859375 0.703125 0.0109375 0.10390625
0 0.85 0.9109375 0.04453125 0.07421875
0 0.84140625 0.9453125 0.053125 0.0546875
0 0.496875 0.89140625 0.046875 0.09921875
0 0.50859375 0.78203125 0.05 0.059375
0 0.353125 0.7875 0.046875 0.084375
0 0.1609375 0.86640625 0.05 0.034375
0 0.01640625 0.59375 0.028125 0.059375
0 0.16640625 0.51953125 0.04140625 0.04921875
0 0.14453125 0.525 0.01640625 0.04453125
0 0.36953125 0.40625 0.028125 0.03984375
0 0.20859375 0.7875 0.03359375 0.0296875
0 0.121875 0.678125 0.03046875 0.025
0 0.428125 0.74765625 0.03359375 0.025
0 0.375 0.89609375 0.0359375 0.01953125
0 0.471875 0.83203125 0.0359375 0.04453125