0 0.69453125 0.22734375 0.15546875 0.3265625
0 0.8359375 0.46015625 0.15859375 0.178125
0 0.75 0.37109375 0.13359375 0.18828125
0 0.7109375 0.678125 0.0390625 0.153125
0 0.63046875 0.75234375 0.1390625 0.10390625
0 0.30859375 0.678125 0.196875 0.0890625
0 0.08359375 0.51953125 0.16640625 0.10859375
0 0.06640625 0.45078125 0.06953125 0.0640625
0 0.3140625 0.4109375 0.03046875 0.034375
0 0.275 0.85625 0.025 0.059375
0 0.4109375 0.90625 0.0390625 0.04921875
0 0.81953125 0.940625 0.075 0.06953125
0 0.7359375 0.821875 0.0109375 0.10390625
0 0.878125 0.69765625 0.05 0.0640625
0 0.021875 0.60859375 0.0390625 0.04453125
0 0.05 0.559375 0.0640625 0.01953125
0 0.128125 0.75234375 0.046875 0.0296875