0 0.69140625 0.3859375 0.228125 0.1734375
0 0.71640625 0.525 0.125 0.16796875
0 0.65 0.48515625 0.121875 0.16328125
0 0.778125 0.7625 0.03359375 0.13359375
0 0.81640625 0.8265625 0.13359375 0.07421875
0 0.225 0.71796875 0.1109375 0.11875
0 0.04453125 0.51953125 0.0859375 0.16328125
0 0.846875 0.7625 0.04140625 0.06953125
0 0.98359375 0.60390625 0.028125 0.034375
0 0.75 0.88125 0.021875 0.09921875
0 0.0640625 0.6734375 0.071875 0.09375
0 0.04453125 0.51484375 0.06640625 0.0546875
0 0.303125 0.415625 0.025 0.01953125
0 0.325 0.3765625 0.025 0.034375
0 0.18359375 0.86171875 0.05546875 0.0546875
0 0.09140625 0.6734375 0.0390625 0.04453125