0 0.221875 0.2578125 0.278125 0.1484375
0 0.53046875 0.63828125 0.11640625 0.2671875
0 0.628125 0.6234375 0.121875 0.15859375
0 0.95 0.5890625 0.096875 0.07421875
0 0.9140625 0.83671875 0.09140625 0.09921875
0 0.76640625 0.83671875 0.01953125 0.1140625
0 0.7890625 0.86171875 0.04140625 0.084375
0 0.71640625 0.96015625 0.03046875 0.07421875
0 0.11953125 0.66328125 0.05 0.12890625
0 0.2859375 0.42578125 0.03046875 0.0296875
0 0.16640625 0.80703125 0.0640625 0.07421875
0 0.13359375 0.7421875 0.03046875 0.04921875
0 0.21953125 0.92109375 0.046875 0.034375