0 0.325 0.6140625 0.053125 0.07421875
0 0.071875 0.296875 0.08359375 0.07890625
0 0.03046875 0.203125 0.05546875 0.1234375
0 0.1640625 0.2578125 0.028125 0.059375
0 0.171875 0.2328125 0.025 0.0546875
0 0.128125 0.42109375 0.05546875 0.04921875
0 0.121875 0.80234375 0.046875 0.15859375
0 0.13046875 0.71796875 0.0390625 0.04453125
0 0.353125 0.89140625 0.05 0.0296875
0 0.4359375 0.9453125 0.0859375 0.0546875
0 0.46640625 0.92578125 0.06953125 0.034375
0 0.71953125 0.96015625 0.06953125 0.04921875
0 0.5 0.77265625 0.04140625 0.01015625