0 0.7109375 0.2125 0.175 0.07421875
0 0.94453125 0.64375 0.1109375 0.059375
0 0.50546875 0.846875 0.071875 0.04921875
0 0.6640625 0.96015625 0.025 0.07421875
0 0.33046875 0.90078125 0.078125 0.06953125
0 0.3890625 0.678125 0.04453125 0.03984375
0 0.44140625 0.7625 0.0390625 0.01953125
0 0.253125 0.95078125 0.05 0.06953125
0 0.21640625 0.4109375 0.028125 0.084375
0 0.203125 0.48984375 0.025 0.0546875
0 0.2390625 0.51484375 0.01640625 0.034375
0 0.04453125 0.15859375 0.0890625 0.084375
0 0.0390625 0.2921875 0.04453125 0.084375
0 0.0140625 0.27734375 0.028125 0.04453125
0 0.10546875 0.25234375 0.05546875 0.11875