0 0.446875 0.3171875 0.153125 0.11875
0 0.7609375 0.7375 0.1109375 0.059375
0 0.4390625 0.846875 0.125 0.10390625
0 0.11640625 0.36171875 0.1390625 0.15859375
0 0.0609375 0.04921875 0.053125 0.0296875
0 0.046875 0.40078125 0.0640625 0.16328125
0 0.13359375 0.5 0.0359375 0.1234375
0 0.06640625 0.534375 0.0609375 0.0640625
0 0.24140625 0.5546875 0.0109375 0.0640625
0 0.4109375 0.7328125 0.0390625 0.04453125
0 0.203125 0.92109375 0.0609375 0.059375
0 0.221875 0.846875 0.04140625 0.059375
0 0.10859375 0.77734375 0.05859375 0.084375
0 0.103125 0.66796875 0.03359375 0.0296875
0 0.3890625 0.88125 0.021875 0.04453125
0 0.35859375 0.74765625 0.04453125 0.01953125
0 0.28359375 0.653125 0.0359375 0.0296875