0 0.36953125 0.78203125 0.1 0.09921875
0 0.69140625 0.7578125 0.1140625 0.0890625
0 0.16953125 0.40625 0.15546875 0.1484375
0 0.303125 0.084375 0.03046875 0.10390625
0 0.1109375 0.0640625 0.06640625 0.0640625
0 0.00859375 0.296875 0.01640625 0.059375
0 0.0390625 0.48515625 0.075 0.11875
0 0.15 0.62890625 0.05546875 0.0640625
0 0.24453125 0.65859375 0.103125 0.0640625
0 0.475 0.796875 0.0390625 0.084375
0 0.1609375 0.7875 0.0390625 0.04453125
0 0.13359375 0.7875 0.025 0.07421875
0 0.03046875 0.703125 0.05859375 0.04453125
0 0.0609375 0.61875 0.03359375 0.04453125
0 0.08359375 0.5640625 0.025 0.0640625
0 0.19453125 0.4703125 0.021875 0.03984375
0 0.18359375 0.84140625 0.0609375 0.01953125