0 0.625 0.68828125 0.19140625 0.19296875
0 0.63046875 0.31171875 0.1359375 0.2375
0 0.553125 0.34140625 0.1 0.10859375
0 0.46953125 0.57890625 0.071875 0.11875
0 0.6390625 0.83671875 0.10859375 0.0546875
0 0.4359375 0.72734375 0.103125 0.059375
0 0.421875 0.90078125 0.075 0.07421875
0 0.25859375 0.584375 0.06953125 0.06953125
0 0.40546875 0.4109375 0.01953125 0.09375
0 0.1640625 0.38125 0.06953125 0.1734375
0 0.01640625 0.38125 0.03046875 0.0640625
0 0.04140625 0.54453125 0.0640625 0.12890625
0 0.11640625 0.69296875 0.046875 0.0546875
0 0.1109375 0.559375 0.025 0.059375
0 0.24453125 0.85625 0.0609375 0.04453125
0 0.18359375 0.821875 0.04453125 0.0640625
0 0.20546875 0.7328125 0.01953125 0.03984375
0 0.3 0.653125 0.0109375 0.059375
0 0.15859375 0.51484375 0.03359375 0.04921875
0 0.11953125 0.48046875 0.025 0.04921875
0 0.096875 0.60859375 0.04453125 0.03984375
0 0.00859375 0.5640625 0.01640625 0.0296875
0 0.13046875 0.821875 0.028125 0.059375
0 0.128125 0.86171875 0.046875 0.04453125
0 0.0359375 0.62890625 0.025 0.059375