0 0.0390625 0.084375 0.071875 0.10390625
0 0.0359375 0.15859375 0.071875 0.15859375
0 0.39140625 0.72265625 0.14140625 0.1140625
0 0.675 0.59921875 0.16640625 0.0890625
0 0.59453125 0.53984375 0.08046875 0.04921875
0 0.68359375 0.7421875 0.096875 0.0546875
0 0.51953125 0.69765625 0.078125 0.04453125
0 0.50859375 0.81171875 0.08046875 0.04453125
0 0.525 0.86640625 0.08046875 0.04453125
0 0.475 0.96015625 0.05859375 0.0546875
0 0.571875 0.96015625 0.04140625 0.01484375
0 0.21953125 0.61875 0.046875 0.0640625
0 0.11640625 0.60859375 0.09140625 0.1140625
0 0.053125 0.6140625 0.05859375 0.03984375
0 0.0640625 0.57890625 0.03359375 0.0546875
0 0.0890625 0.525 0.028125 0.0640625
0 0.40859375 0.5640625 0.03359375 0.06953125
0 0.30859375 0.72265625 0.05 0.03984375
0 0.15546875 0.7421875 0.0609375 0.034375
0 0.11953125 0.68828125 0.08046875 0.059375
0 0.14453125 0.85625 0.0390625 0.034375
0 0.2859375 0.88125 0.0390625 0.0296875
0 0.171875 0.9109375 0.05 0.0546875
0 0.39453125 0.965625 0.053125 0.025
0 0.10859375 0.80703125 0.03046875 0.06953125