0 0.478125 0.2421875 0.1390625 0.1234375
0 0.196875 0.1234375 0.10859375 0.0640625
0 0.21640625 0.04921875 0.0390625 0.0296875
0 0.03359375 0.11875 0.0640625 0.10390625
0 0.03046875 0.39140625 0.05859375 0.10859375
0 0.0109375 0.2921875 0.01953125 0.03984375
0 0.103125 0.30234375 0.021875 0.07890625
0 0.15859375 0.57421875 0.075 0.0296875
0 0.39140625 0.8515625 0.08046875 0.04453125
0 0.4359375 0.83671875 0.025 0.0296875
0 0.425 0.57890625 0.046875 0.04453125
0 0.8390625 0.45078125 0.04453125 0.0640625
0 0.978125 0.5640625 0.04140625 0.06953125
0 0.853125 0.796875 0.0390625 0.034375
0 0.7890625 0.81171875 0.03359375 0.034375
0 0.721875 0.74765625 0.0609375 0.0546875
0 0.625 0.85625 0.0390625 0.06953125
0 0.728125 0.95546875 0.05859375 0.025
0 0.653125 0.98046875 0.0359375 0.0296875
0 0.34453125 0.7921875 0.096875 0.0640625
0 0.34140625 0.7671875 0.0609375 0.0546875
0 0.278125 0.80703125 0.0390625 0.04921875
0 0.23359375 0.78203125 0.0390625 0.059375
0 0.125 0.7375 0.03359375 0.034375
0 0.196875 0.71796875 0.03046875 0.01484375
0 0.23359375 0.45078125 0.00859375 0.059375
0 0.6109375 0.9359375 0.03046875 0.01953125