0 0.378125 0.22265625 0.1109375 0.084375
0 0.6890625 0.465625 0.1 0.07421875
0 0.93359375 0.33203125 0.09140625 0.0890625
0 0.98359375 0.61875 0.01953125 0.059375
0 0.86640625 0.5296875 0.0140625 0.04921875
0 0.8109375 0.80703125 0.021875 0.0296875
0 0.803125 0.84140625 0.025 0.025
0 0.76953125 0.940625 0.01640625 0.025
0 0.753125 0.80234375 0.028125 0.04453125
0 0.678125 0.83203125 0.0359375 0.025
0 0.6 0.98984375 0.05859375 0.01953125
0 0.48046875 0.85625 0.08046875 0.04453125
0 0.378125 0.89609375 0.078125 0.0640625
0 0.4 0.7078125 0.05859375 0.0546875
0 0.39453125 0.5546875 0.03359375 0.034375
0 0.303125 0.2671875 0.04140625 0.11875
0 0.175 0.14375 0.071875 0.15859375
0 0.025 0.0890625 0.0390625 0.04453125
0 0.053125 0.35625 0.075 0.1234375
0 0.15859375 0.43046875 0.0140625 0.0546875
0 0.24453125 0.40625 0.0140625 0.0546875
0 0.2359375 0.59375 0.06640625 0.0296875
0 0.271875 0.71796875 0.025 0.034375
0 0.21640625 0.77734375 0.05 0.04921875
0 0.21640625 0.72734375 0.03046875 0.0640625
0 0.1890625 0.90078125 0.028125 0.034375
0 0.1359375 0.63359375 0.01640625 0.04453125
0 0.078125 0.40078125 0.03046875 0.04453125
0 0.028125 0.33203125 0.01640625 0.04921875