0 0.45546875 0.2625 0.11953125 0.084375
0 0.975 0.084375 0.0390625 0.084375
0 0.9640625 0.4953125 0.03359375 0.09921875
0 0.94453125 0.66328125 0.028125 0.03984375
0 0.81640625 0.60390625 0.04140625 0.0640625
0 0.7390625 0.54921875 0.04140625 0.059375
0 0.78359375 0.80234375 0.01640625 0.0296875
0 0.78046875 0.85625 0.01640625 0.01484375
0 0.74453125 0.9359375 0.021875 0.01953125
0 0.521875 0.8859375 0.046875 0.03984375
0 0.528125 0.9453125 0.0359375 0.01953125
0 0.4390625 0.703125 0.05859375 0.034375
0 0.33046875 0.9109375 0.0859375 0.03984375
0 0.0390625 0.10390625 0.078125 0.04921875
0 0.20859375 0.07421875 0.1140625 0.084375
0 0.3359375 0.4359375 0.05 0.09375
0 0.421875 0.31171875 0.071875 0.06953125
0 0.26953125 0.59375 0.06640625 0.03984375
0 0.35 0.51484375 0.0359375 0.01484375
0 0.2640625 0.80234375 0.0390625 0.04453125
0 0.053125 0.21796875 0.0390625 0.16328125
0 0.14140625 0.5890625 0.0140625 0.059375
0 0.171875 0.66796875 0.0359375 0.04453125
0 0.28046875 0.86171875 0.021875 0.0546875
0 0.21953125 0.95078125 0.046875 0.04453125
0 0.0390625 0.43046875 0.03046875 0.04921875
0 0.01953125 0.30234375 0.0140625 0.04921875