0 0.575 0.153125 0.13359375 0.1234375
0 0.95546875 0.09375 0.0640625 0.09375
0 0.9390625 0.584375 0.06640625 0.07421875
0 0.925 0.66328125 0.025 0.03984375
0 0.74453125 0.57890625 0.028125 0.059375
0 0.7859375 0.65859375 0.03046875 0.03984375
0 0.4890625 0.35625 0.06953125 0.059375
0 0.228125 0.0640625 0.025 0.0640625
0 0.25859375 0.059375 0.025 0.04921875
0 0.0359375 0.084375 0.06640625 0.09921875
0 0.13046875 0.51484375 0.0390625 0.0296875
0 0.35859375 0.475 0.05546875 0.07890625
0 0.30546875 0.5640625 0.05546875 0.0296875
0 0.475 0.7125 0.0390625 0.0546875
0 0.5609375 0.89140625 0.028125 0.0296875
0 0.775 0.89609375 0.03046875 0.01953125
0 0.275 0.90078125 0.078125 0.06953125
0 0.39453125 0.96015625 0.08046875 0.04921875
0 0.35546875 0.92109375 0.053125 0.034375
0 0.31953125 0.5 0.01953125 0.01953125
0 0.2140625 0.31171875 0.01953125 0.059375