0 0.5140625 0.16796875 0.096875 0.14375
0 0.78359375 0.14375 0.1390625 0.07421875
0 0.953125 0.15859375 0.0640625 0.084375
0 0.428125 0.07421875 0.0390625 0.0890625
0 0.2890625 0.09921875 0.06640625 0.12890625
0 0.09140625 0.11875 0.0609375 0.13359375
0 0.03046875 0.3515625 0.0359375 0.059375
0 0.021875 0.475 0.04140625 0.01953125
0 0.18046875 0.465625 0.05546875 0.034375
0 0.3390625 0.89140625 0.0890625 0.1140625
0 0.2609375 0.86640625 0.0640625 0.084375
0 0.40546875 0.4953125 0.05 0.06953125
0 0.60546875 0.4109375 0.0609375 0.04453125
0 0.771875 0.63359375 0.03046875 0.04921875
0 0.9 0.653125 0.03359375 0.059375
0 0.94453125 0.66796875 0.03359375 0.034375
0 0.61953125 0.8859375 0.01640625 0.025
0 0.51953125 0.7328125 0.01640625 0.059375
0 0.853125 0.81171875 0.01953125 0.01953125
0 0.3609375 0.5640625 0.0140625 0.03984375
0 0.33359375 0.51015625 0.028125 0.0546875
0 0.1390625 0.653125 0.025 0.0296875
0 0.14453125 0.6234375 0.0359375 0.0546875
0 0.1140625 0.60390625 0.0140625 0.01953125
0 0.2140625 0.77265625 0.01640625 0.059375
0 0.25 0.72734375 0.03359375 0.025
0 0.1859375 0.2578125 0.03046875 0.0546875