0 0.55 0.45546875 0.103125 0.07421875
0 0.646875 0.22734375 0.09140625 0.084375
0 0.778125 0.53984375 0.078125 0.0640625
0 0.9609375 0.45546875 0.05859375 0.07421875
0 0.96640625 0.3765625 0.0109375 0.0546875
0 0.48359375 0.59375 0.04140625 0.04453125
0 0.3609375 0.8765625 0.06640625 0.11875
0 0.3 0.90078125 0.046875 0.059375
0 0.196875 0.7578125 0.0359375 0.025
0 0.10859375 0.415625 0.0359375 0.09921875
0 0.0640625 0.35625 0.0640625 0.04453125
0 0.01640625 0.178125 0.025 0.07890625
0 0.1109375 0.0890625 0.08359375 0.10859375
0 0.33046875 0.09921875 0.1 0.13359375
0 0.321875 0.18828125 0.09453125 0.084375
0 0.44140625 0.346875 0.06640625 0.06953125
0 0.2890625 0.39140625 0.0640625 0.07890625
0 0.25 0.38125 0.05 0.09375
0 0.29140625 0.5546875 0.05546875 0.025
0 0.70546875 0.5890625 0.03046875 0.03984375
0 0.4609375 0.92109375 0.03046875 0.04921875
0 0.79453125 0.75234375 0.0109375 0.0296875
0 0.66953125 0.915625 0.01953125 0.01953125
0 0.56953125 0.80703125 0.01953125 0.0296875
0 0.2640625 0.796875 0.03046875 0.04921875
0 0.11640625 0.54921875 0.0390625 0.025
0 0.06953125 0.57421875 0.0390625 0.034375
0 0.15546875 0.64375 0.021875 0.03984375
0 0.14140625 0.65859375 0.021875 0.0296875