0 0.60546875 0.60390625 0.09453125 0.084375
0 0.79140625 0.48046875 0.0140625 0.0890625
0 0.90546875 0.7375 0.01953125 0.04921875
0 0.56953125 0.525 0.046875 0.04453125
0 0.50546875 0.45078125 0.0640625 0.09375
0 0.5109375 0.4359375 0.025 0.09921875
0 0.30546875 0.40625 0.078125 0.084375
0 0.28046875 0.18828125 0.03046875 0.10390625
0 0.43046875 0.60390625 0.025 0.0640625
0 0.38046875 0.56953125 0.0359375 0.07890625
0 0.13359375 0.45078125 0.078125 0.03984375
0 0.10859375 0.36171875 0.0640625 0.1234375
0 0.3890625 0.8171875 0.0609375 0.12890625
0 0.446875 0.92578125 0.04140625 0.03984375
0 0.35 0.93046875 0.05546875 0.084375
0 0.3 0.83203125 0.0359375 0.04921875
0 0.2640625 0.65859375 0.03359375 0.0890625
0 0.403125 0.678125 0.046875 0.04453125
0 0.55859375 0.66796875 0.028125 0.0296875
0 0.303125 0.90078125 0.04453125 0.04453125