0 0.5140625 0.59375 0.09140625 0.0640625
0 0.575 0.584375 0.046875 0.03984375
0 0.3390625 0.475 0.075 0.0890625
0 0.4609375 0.57421875 0.0359375 0.1234375
0 0.2609375 0.27265625 0.025 0.04453125
0 0.021875 0.2671875 0.0359375 0.07421875
0 0.06953125 0.42109375 0.0609375 0.03984375
0 0.278125 0.6828125 0.075 0.09921875
0 0.378125 0.62890625 0.028125 0.059375
0 0.41953125 0.6734375 0.0359375 0.04453125
0 0.35859375 0.5546875 0.03359375 0.0546875
0 0.41640625 0.72734375 0.025 0.034375
0 0.375 0.8765625 0.03046875 0.0640625
0 0.29453125 0.8859375 0.05 0.07421875
0 0.278125 0.74765625 0.028125 0.0546875
0 0.24140625 0.78203125 0.03046875 0.034375
0 0.16953125 0.77734375 0.03046875 0.025
0 0.7640625 0.57421875 0.0109375 0.034375
0 0.953125 0.71796875 0.03046875 0.0296875
0 0.921875 0.92109375 0.04140625 0.034375
0 0.76953125 0.703125 0.021875 0.01484375
0 0.55546875 0.69765625 0.01640625 0.034375
0 0.303125 0.2625 0.01953125 0.0296875