0 0.49453125 0.5046875 0.103125 0.084375
0 0.40546875 0.440625 0.078125 0.07421875
0 0.60546875 0.61875 0.05 0.03984375
0 0.6359375 0.59921875 0.04453125 0.0296875
0 0.7859375 0.56953125 0.0390625 0.034375
0 0.946875 0.69765625 0.04453125 0.025
0 0.9890625 0.5546875 0.0140625 0.03984375
0 0.26953125 0.821875 0.0390625 0.09375
0 0.34453125 0.80234375 0.0390625 0.084375
0 0.178125 0.48515625 0.075 0.10390625
0 0.45546875 0.60859375 0.025 0.1140625
0 0.40546875 0.6140625 0.025 0.06953125
0 0.321875 0.48046875 0.0390625 0.059375
0 0.21953125 0.19296875 0.0609375 0.0640625
0 0.06953125 0.7671875 0.05859375 0.01953125
0 0.053125 0.80703125 0.0359375 0.0546875
0 0.453125 0.703125 0.025 0.04453125
0 0.925 0.8765625 0.0359375 0.03984375
0 0.871875 0.796875 0.01953125 0.0296875
0 0.66953125 0.95078125 0.03046875 0.025
0 0.6 0.8765625 0.028125 0.0296875
0 0.21953125 0.7328125 0.021875 0.03984375
0 0.203125 0.7671875 0.03046875 0.04453125
0 0.24140625 0.57890625 0.04140625 0.01484375
0 0.053125 0.31171875 0.05 0.01953125
0 0.29140625 0.178125 0.00546875 0.0546875
0 0.075 0.40625 0.0109375 0.0546875