0 0.5 0.5 0.09140625 0.10859375
0 0.54140625 0.48046875 0.06640625 0.01953125
0 0.696875 0.63828125 0.053125 0.04921875
0 0.775 0.5890625 0.05 0.01484375
0 0.90859375 0.69765625 0.053125 0.01953125
0 0.971875 0.5640625 0.046875 0.0296875
0 0.903125 0.821875 0.04453125 0.034375
0 0.86640625 0.7921875 0.0359375 0.01484375
0 0.728125 0.90625 0.0390625 0.034375
0 0.30546875 0.7625 0.025 0.09375
0 0.3390625 0.7125 0.0359375 0.084375
0 0.44453125 0.63828125 0.0140625 0.059375
0 0.5109375 0.66796875 0.01640625 0.0640625
0 0.503125 0.7375 0.0140625 0.034375
0 0.15859375 0.40078125 0.06640625 0.04921875
0 0.21953125 0.1484375 0.053125 0.0640625
0 0.3109375 0.415625 0.03359375 0.04453125
0 0.2859375 0.57421875 0.0359375 0.01953125
0 0.1609375 0.78203125 0.05859375 0.0296875
0 0.078125 0.3765625 0.0140625 0.04453125
0 0.30546875 0.1140625 0.0109375 0.04921875
0 0.221875 0.69296875 0.03046875 0.0640625
0 0.20546875 0.72265625 0.025 0.034375
0 0.24453125 0.68828125 0.025 0.025
0 0.1609375 0.62890625 0.021875 0.0296875
0 0.59140625 0.88125 0.0390625 0.01953125