0 0.4140625 0.4703125 0.09140625 0.1140625
0 0.59453125 0.5 0.078125 0.0546875
0 0.75 0.6234375 0.05546875 0.04453125
0 0.3109375 0.69296875 0.0390625 0.12890625
0 0.05859375 0.321875 0.071875 0.084375
0 0.16640625 0.084375 0.0359375 0.025
0 0.18359375 0.1734375 0.01640625 0.0296875
0 0.278125 0.059375 0.0109375 0.04921875
0 0.271875 0.35625 0.025 0.0546875
0 0.28359375 0.61875 0.03359375 0.084375
0 0.1890625 0.60859375 0.0140625 0.07421875
0 0.19140625 0.86171875 0.0359375 0.0546875
0 0.0390625 0.54921875 0.03046875 0.06953125
0 0.06640625 0.6734375 0.025 0.04453125
0 0.128125 0.60859375 0.0359375 0.03984375
0 0.271875 0.71796875 0.0359375 0.0296875
0 0.421875 0.6484375 0.028125 0.04453125
0 0.29453125 0.5640625 0.028125 0.03984375
0 0.496875 0.68828125 0.05 0.04921875
0 0.503125 0.7578125 0.0390625 0.01953125
0 0.71953125 0.584375 0.046875 0.0296875
0 0.696875 0.6484375 0.021875 0.0296875
0 0.91640625 0.56953125 0.04453125 0.025
0 0.84453125 0.69296875 0.03046875 0.01484375
0 0.59140625 0.7125 0.028125 0.0296875
0 0.85 0.7921875 0.03359375 0.025
0 0.75546875 0.86640625 0.025 0.01953125