0 0.4 0.4703125 0.0859375 0.11875
0 0.696875 0.57890625 0.046875 0.04453125
0 0.821875 0.62890625 0.021875 0.034375
0 0.8890625 0.56953125 0.04453125 0.0296875
0 0.71953125 0.59375 0.025 0.034375
0 0.5609375 0.7328125 0.05859375 0.025
0 0.571875 0.6828125 0.04453125 0.034375
0 0.3890625 0.66328125 0.08359375 0.07890625
0 0.45546875 0.6828125 0.04140625 0.0296875
0 0.721875 0.66328125 0.0140625 0.01484375
0 0.8359375 0.69296875 0.025 0.025
0 0.2640625 0.96015625 0.0640625 0.04453125
0 0.30546875 0.80234375 0.03046875 0.0296875
0 0.3359375 0.75234375 0.04453125 0.034375
0 0.5609375 0.77734375 0.0109375 0.025
0 0.5109375 0.8765625 0.025 0.01015625
0 0.33046875 0.5546875 0.01640625 0.04921875
0 0.26953125 0.5546875 0.025 0.09375
0 0.178125 0.54921875 0.021875 0.059375
0 0.125 0.59375 0.025 0.059375
0 0.053125 0.653125 0.028125 0.07421875
0 0.25859375 0.33203125 0.025 0.06953125
0 0.3109375 0.321875 0.01640625 0.01953125
0 0.49140625 0.2578125 0.0109375 0.0296875
0 0.6890625 0.28203125 0.00546875 0.03984375
0 0.2109375 0.19296875 0.03046875 0.01953125
0 0.278125 0.04453125 0.0390625 0.01953125
0 0.19140625 0.09921875 0.00546875 0.034375
0 0.146875 0.1484375 0.03046875 0.01953125
0 0.11953125 0.5296875 0.025 0.01484375
0 0.071875 0.37109375 0.0109375 0.059375
0 0.078125 0.2921875 0.01640625 0.0640625
0 0.021875 0.2515625 0.04375 0.075
0 0.03359375 0.22265625 0.0109375 0.04453125
0 0.0140625 0.10390625 0.021875 0.059375