0 0.4640625 0.5546875 0.05546875 0.0546875
0 0.625 0.60859375 0.025 0.025
0 0.26953125 0.39609375 0.0359375 0.04453125
0 0.19453125 0.34140625 0.01953125 0.10390625
0 0.11640625 0.42109375 0.0609375 0.07421875
0 0.753125 0.66796875 0.028125 0.01953125
0 0.7390625 0.59921875 0.025 0.034375
0 0.74140625 0.5546875 0.025 0.04453125
0 0.61640625 0.54921875 0.0359375 0.03984375
0 0.4640625 0.63359375 0.0359375 0.025
0 0.578125 0.38125 0.0109375 0.03984375
0 0.4859375 0.28203125 0.00546875 0.03984375
0 0.3109375 0.3171875 0.00859375 0.04453125
0 0.271875 0.15859375 0.025 0.04921875
0 0.228125 0.04921875 0.01640625 0.034375
0 0.1890625 0.153125 0.0359375 0.0296875
0 0.0640625 0.28203125 0.021875 0.04921875
0 0.1359375 0.63359375 0.025 0.0640625
0 0.3609375 0.77734375 0.00859375 0.0296875
0 0.3609375 0.48984375 0.021875 0.034375
0 0.521875 0.7078125 0.028125 0.0296875
0 0.60859375 0.65859375 0.0109375 0.01953125
0 0.33359375 0.81171875 0.021875 0.01953125