0 0.19140625 0.25234375 0.03359375 0.10390625
0 0.26640625 0.178125 0.01640625 0.04453125
0 0.30546875 0.28203125 0.01953125 0.04453125
0 0.3359375 0.48984375 0.03046875 0.03984375
0 0.4109375 0.54921875 0.0359375 0.025
0 0.5 0.60390625 0.0140625 0.0296875
0 0.56640625 0.59375 0.0140625 0.034375
0 0.196875 0.51484375 0.04453125 0.06953125
0 0.0890625 0.415625 0.021875 0.03984375
0 0.13046875 0.5640625 0.0109375 0.059375
0 0.14453125 0.5046875 0.025 0.01484375
0 0.3359375 0.88125 0.0390625 0.03984375