0 0.075 0.5640625 0.06953125 0.22265625
0 0.128125 0.81171875 0.05859375 0.1484375
0 0.0859375 0.61875 0.0359375 0.1234375
0 0.246875 0.77265625 0.025 0.09921875
0 0.35 0.8859375 0.01640625 0.10390625
0 0.3390625 0.846875 0.05859375 0.0296875
0 0.275 0.89609375 0.025 0.01953125
0 0.275 0.346875 0.028125 0.06953125
0 0.39140625 0.06953125 0.01953125 0.07421875
0 0.375 0.03984375 0.01953125 0.01015625
0 0.5859375 0.11875 0.04140625 0.16796875
0 0.73046875 0.415625 0.021875 0.084375
0 0.80546875 0.46015625 0.01640625 0.0640625
0 0.74140625 0.16328125 0.046875 0.15859375
0 0.44140625 0.27734375 0.06640625 0.0296875
0 0.4109375 0.51953125 0.00859375 0.059375
0 0.24140625 0.31171875 0.00859375 0.034375
0 0.51640625 0.1828125 0.021875 0.06953125
0 0.5359375 0.2875 0.021875 0.13359375
0 0.50859375 0.31171875 0.0109375 0.10390625
0 0.45546875 0.39609375 0.021875 0.07421875
0 0.521875 0.465625 0.046875 0.01484375
0 0.525 0.42578125 0.0109375 0.04453125
0 0.56640625 0.3859375 0.0109375 0.10390625
0 0.775 0.346875 0.021875 0.07421875
0 0.796875 0.10390625 0.03046875 0.06953125
0 0.621875 0.06953125 0.0640625 0.0296875
0 0.6140625 0.04453125 0.01953125 0.0296875
0 0.86953125 0.06953125 0.028125 0.07421875
0 0.853125 0.06953125 0.03359375 0.06953125
0 0.925 0.11875 0.0390625 0.06953125
0 0.95546875 0.059375 0.0109375 0.059375
0 0.90859375 0.19765625 0.028125 0.0640625
0 0.89453125 0.27734375 0.025 0.07421875
0 0.84453125 0.3515625 0.03046875 0.0546875
0 0.90859375 0.36171875 0.028125 0.059375
0 0.91953125 0.34140625 0.0109375 0.04453125
0 0.98046875 0.3515625 0.0109375 0.084375
0 0.95 0.525 0.03359375 0.0640625
0 0.9859375 0.5 0.0109375 0.025
0 0.921875 0.4453125 0.0140625 0.0640625
0 0.875 0.5640625 0.01640625 0.0640625
0 0.253125 0.83671875 0.003125 0.025
0 0.5 0.6234375 0.00546875 0.04921875
0 0.46953125 0.56953125 0.00546875 0.03984375
0 0.4390625 0.51484375 0.0140625 0.04921875
0 0.54453125 0.4953125 0.003125 0.04453125
0 0.578125 0.57421875 0.0109375 0.04921875
0 0.55859375 0.59375 0.0109375 0.03984375
0 0.678125 0.56953125 0.0109375 0.0546875
0 0.7390625 0.63828125 0.00859375 0.04453125