0 0.44453125 0.51484375 0.125 0.04921875
0 0.80546875 0.89140625 0.06640625 0.13828125
0 0.328125 0.77265625 0.071875 0.153125
0 0.55 0.940625 0.046875 0.10859375
0 0.41953125 0.703125 0.053125 0.084375
0 0.1109375 0.153125 0.04453125 0.2375
0 0.0359375 0.10859375 0.06640625 0.153125
0 0.271875 0.1140625 0.021875 0.15859375
0 0.83046875 0.203125 0.05859375 0.07421875
0 0.4 0.11875 0.00859375 0.07890625
0 0.29453125 0.10859375 0.025 0.03984375
0 0.275 0.07890625 0.0390625 0.04453125
0 0.44453125 0.10859375 0.04140625 0.10390625
0 0.54453125 0.36640625 0.01953125 0.06953125
0 0.546875 0.36640625 0.0390625 0.025
0 0.546875 0.39609375 0.00546875 0.04921875
0 0.49453125 0.28203125 0.025 0.09375
0 0.528125 0.12890625 0.00859375 0.07421875
0 0.5609375 0.07421875 0.021875 0.0890625
0 0.6109375 0.1484375 0.0109375 0.10390625
0 0.5890625 0.25234375 0.0109375 0.084375
0 0.621875 0.3171875 0.025 0.034375
0 0.68359375 0.24765625 0.00859375 0.07890625
0 0.69453125 0.09921875 0.021875 0.09921875
0 0.796875 0.059375 0.028125 0.04921875
0 0.85546875 0.0640625 0.01953125 0.059375
0 0.96953125 0.04453125 0.046875 0.034375
0 0.99140625 0.07421875 0.00859375 0.07421875
0 0.9140625 0.1734375 0.0140625 0.084375
0 0.853125 0.178125 0.025 0.0640625
0 0.84453125 0.1828125 0.025 0.06953125
0 0.75 0.19296875 0.01953125 0.0546875
0 0.80859375 0.2578125 0.01640625 0.06953125
0 0.871875 0.34140625 0.0109375 0.0890625
0 0.89453125 0.2875 0.0140625 0.0640625
0 0.91953125 0.31171875 0.025 0.07421875
0 0.975 0.2578125 0.00859375 0.0546875
0 0.95546875 0.60859375 0.01640625 0.06953125
0 0.9359375 0.54921875 0.025 0.10390625
0 0.903125 0.5890625 0.021875 0.07421875
0 0.8859375 0.5046875 0.01640625 0.0546875
0 0.83046875 0.475 0.021875 0.059375
0 0.80546875 0.3765625 0.028125 0.04453125
0 0.778125 0.4359375 0.01640625 0.04453125
0 0.753125 0.4703125 0.00859375 0.06953125
0 0.753125 0.534375 0.0140625 0.0546875
0 0.7 0.42578125 0.01953125 0.04453125
0 0.6609375 0.4109375 0.021875 0.07890625
0 0.63046875 0.40078125 0.00859375 0.059375
0 0.471875 0.4359375 0.05859375 0.0296875
0 0.4140625 0.27265625 0.04140625 0.03984375
0 0.321875 0.2328125 0.01953125 0.04453125
0 0.23046875 0.40078125 0.01953125 0.01953125
0 0.1609375 0.13828125 0.01953125 0.025
0 0.553125 0.2875 0.0109375 0.0640625
0 0.5859375 0.525 0.0109375 0.0546875
0 0.65 0.53984375 0.021875 0.0640625
0 0.71953125 0.653125 0.00859375 0.07890625
0 0.74140625 0.6140625 0.025 0.0640625
0 0.46640625 0.7625 0.0140625 0.06953125
0 0.496875 0.6484375 0.0140625 0.0640625
0 0.278125 0.7421875 0.0109375 0.07890625
0 0.346875 0.62890625 0.0109375 0.1140625
0 0.378125 0.821875 0.01640625 0.084375
0 0.33046875 0.83203125 0.028125 0.0546875
0 0.3359375 0.89140625 0.05 0.01953125
0 0.221875 0.87109375 0.0109375 0.03984375
0 0.38359375 0.940625 0.04140625 0.01953125
0 0.3609375 0.95078125 0.01640625 0.0546875