0 0.675 0.4953125 0.09140625 0.16328125
0 0.928125 0.6484375 0.0359375 0.19296875
0 0.346875 0.57890625 0.0859375 0.12890625
0 0.20546875 0.584375 0.1140625 0.18828125
0 0.5640625 0.85625 0.05859375 0.16328125
0 0.6640625 0.90078125 0.0859375 0.09921875
0 0.346875 0.85625 0.01640625 0.084375
0 0.29140625 0.85625 0.046875 0.059375
0 0.25 0.86171875 0.021875 0.04921875
0 0.2390625 0.8265625 0.01640625 0.059375
0 0.2390625 0.78203125 0.0109375 0.0296875
0 0.30859375 0.78203125 0.0359375 0.034375
0 0.34453125 0.678125 0.00859375 0.059375
0 0.421875 0.69296875 0.01640625 0.11875
0 0.48359375 0.6234375 0.01640625 0.1140625
0 0.5140625 0.51484375 0.01640625 0.07890625
0 0.49140625 0.415625 0.028125 0.034375
0 0.478125 0.40625 0.01640625 0.059375
0 0.4609375 0.24765625 0.046875 0.01484375
0 0.328125 0.084375 0.03359375 0.059375
0 0.3390625 0.1828125 0.0109375 0.059375
0 0.2609375 0.39140625 0.00859375 0.034375
0 0.1859375 0.153125 0.01640625 0.03984375
0 0.1640625 0.059375 0.0109375 0.059375
0 0.56640625 0.09375 0.01953125 0.1140625
0 0.55546875 0.059375 0.00859375 0.04921875
0 0.328125 0.04921875 0.025 0.034375
0 0.425 0.04453125 0.00546875 0.0296875
0 0.6359375 0.06953125 0.0109375 0.07421875
0 0.70859375 0.14375 0.0140625 0.084375
0 0.753125 0.12890625 0.00859375 0.0546875
0 0.821875 0.09921875 0.03046875 0.10390625
0 0.84453125 0.07421875 0.00859375 0.07890625
0 0.853125 0.09921875 0.0140625 0.0890625
0 0.93046875 0.04921875 0.00546875 0.025
0 0.8890625 0.1734375 0.03046875 0.04453125
0 0.825 0.203125 0.0109375 0.06953125
0 0.896875 0.2078125 0.021875 0.059375
0 0.9109375 0.24765625 0.0140625 0.0890625
0 0.853125 0.3265625 0.03046875 0.034375
0 0.9609375 0.4703125 0.021875 0.084375
0 0.96640625 0.39140625 0.0109375 0.0546875
0 0.90546875 0.51484375 0.003125 0.059375
0 0.89453125 0.4453125 0.0109375 0.034375
0 0.85859375 0.42578125 0.00859375 0.059375
0 0.80546875 0.36640625 0.00546875 0.0640625
0 0.775 0.38125 0.00859375 0.0640625
0 0.7390625 0.3515625 0.025 0.04921875
0 0.70859375 0.34140625 0.0390625 0.04453125
0 0.65859375 0.3265625 0.00546875 0.0640625
0 0.66640625 0.25234375 0.03046875 0.03984375
0 0.628125 0.16796875 0.0140625 0.0890625
0 0.55546875 0.2125 0.00859375 0.0890625
0 0.56953125 0.21796875 0.0109375 0.04921875
0 0.5640625 0.296875 0.0109375 0.0640625
0 0.603125 0.346875 0.0390625 0.025
0 0.58046875 0.39140625 0.0359375 0.01953125
0 0.61953125 0.45546875 0.021875 0.04453125
0 0.7609375 0.48515625 0.00859375 0.0546875
0 0.7390625 0.5640625 0.0109375 0.07890625
0 0.49140625 0.975 0.053125 0.034375
0 0.65546875 0.821875 0.03046875 0.04453125
0 0.43046875 0.54453125 0.00546875 0.04921875
0 0.31640625 0.59375 0.01953125 0.07890625
0 0.19140625 0.40625 0.03046875 0.01484375