0 0.6640625 0.27265625 0.03046875 0.2375
0 0.83359375 0.440625 0.05546875 0.16328125
0 0.8640625 0.36640625 0.0390625 0.09375
0 0.378125 0.72734375 0.0859375 0.178125
0 0.471875 0.8265625 0.075 0.1140625
0 0.49140625 0.95546875 0.0640625 0.0890625
0 0.821875 0.96015625 0.071875 0.07421875
0 0.146875 0.43046875 0.10546875 0.1484375
0 0.2890625 0.22265625 0.05 0.153125
0 0.425 0.42578125 0.03359375 0.084375
0 0.25859375 0.4109375 0.03359375 0.11875
0 0.25 0.68828125 0.0390625 0.09375
0 0.2390625 0.75234375 0.025 0.034375
0 0.228125 0.77265625 0.01640625 0.04453125
0 0.2109375 0.7671875 0.0140625 0.059375
0 0.203125 0.66328125 0.0140625 0.06953125
0 0.35 0.6140625 0.04453125 0.025
0 0.4109375 0.54921875 0.025 0.025
0 0.39140625 0.48515625 0.0140625 0.059375
0 0.4 0.440625 0.04140625 0.11875
0 0.4359375 0.3265625 0.00859375 0.0890625
0 0.45546875 0.27734375 0.04140625 0.0296875
0 0.51640625 0.2625 0.01953125 0.0640625
0 0.31953125 0.07890625 0.00859375 0.0640625
0 0.178125 0.1484375 0.025 0.07421875
0 0.14453125 0.04921875 0.0140625 0.034375
0 0.01640625 0.43046875 0.03046875 0.0546875
0 0.33046875 0.0546875 0.00859375 0.03984375
0 0.50546875 0.084375 0.01953125 0.084375
0 0.51640625 0.04453125 0.0109375 0.01953125
0 0.5859375 0.1140625 0.021875 0.07890625
0 0.596875 0.059375 0.00859375 0.04921875
0 0.603125 0.346875 0.03359375 0.04453125
0 0.61953125 0.296875 0.00859375 0.04921875
0 0.546875 0.203125 0.01640625 0.04921875
0 0.671875 0.10859375 0.01953125 0.0640625
0 0.7109375 0.09921875 0.021875 0.06953125
0 0.74140625 0.059375 0.0140625 0.04921875
0 0.76953125 0.059375 0.00859375 0.0546875
0 0.7859375 0.10390625 0.021875 0.06953125
0 0.8109375 0.084375 0.025 0.0890625
0 0.828125 0.2078125 0.0390625 0.07890625
0 0.875 0.18828125 0.00859375 0.0890625
0 0.9390625 0.04453125 0.00859375 0.0296875
0 0.95859375 0.084375 0.03046875 0.09921875
0 0.99140625 0.07421875 0.0140625 0.0640625
0 0.98359375 0.33203125 0.0109375 0.0640625
0 0.978125 0.2375 0.01640625 0.03984375
0 0.93046875 0.34140625 0.0109375 0.04453125
0 0.775 0.30703125 0.01640625 0.0546875
0 0.828125 0.3171875 0.03359375 0.01953125
0 0.771875 0.19765625 0.0140625 0.07421875
0 0.775 0.1734375 0.01640625 0.06953125
0 0.7359375 0.33203125 0.0140625 0.06953125
0 0.728125 0.3171875 0.021875 0.03984375
0 0.69140625 0.33203125 0.03046875 0.059375
0 0.653125 0.22734375 0.021875 0.03984375
0 0.603125 0.42109375 0.021875 0.04921875
0 0.646875 0.440625 0.0109375 0.06953125
0 0.66953125 0.51015625 0.01953125 0.059375
0 0.69140625 0.51484375 0.00546875 0.084375
0 0.7109375 0.4703125 0.00859375 0.04453125
0 0.546875 0.7578125 0.04453125 0.0296875
0 0.471875 0.4109375 0.01640625 0.04453125
0 0.56640625 0.39140625 0.0109375 0.0296875
0 0.9890625 0.48046875 0.01640625 0.11875