0 0.48046875 0.7578125 0.1109375 0.2078125
0 0.8640625 0.6734375 0.11640625 0.321875
0 0.9390625 0.22265625 0.11640625 0.1234375
0 0.84140625 0.059375 0.1140625 0.0546875
0 0.478125 0.4953125 0.14140625 0.1140625
0 0.43046875 0.69765625 0.0640625 0.1734375
0 0.40546875 0.33671875 0.028125 0.16796875
0 0.353125 0.2578125 0.03046875 0.13359375
0 0.0109375 0.1828125 0.01640625 0.21796875
0 0.028125 0.6140625 0.05 0.09921875
0 0.1890625 0.72734375 0.05859375 0.04921875
0 0.1640625 0.8265625 0.028125 0.13359375
0 0.278125 0.95078125 0.06640625 0.07890625
0 0.325 0.90078125 0.021875 0.04453125
0 0.45 0.915625 0.028125 0.0296875
0 0.478125 0.92109375 0.00859375 0.07421875
0 0.55546875 0.98515625 0.0140625 0.025
0 0.4140625 0.975 0.01640625 0.034375
0 0.121875 0.89140625 0.025 0.12890625
0 0.23359375 0.703125 0.0140625 0.07890625
0 0.18046875 0.62890625 0.03046875 0.084375
0 0.1890625 0.48515625 0.03359375 0.13359375
0 0.24453125 0.534375 0.05859375 0.034375
0 0.36953125 0.51484375 0.028125 0.11875
0 0.23046875 0.203125 0.05 0.14375
0 0.15546875 0.0890625 0.0140625 0.06953125
0 0.24453125 0.04921875 0.028125 0.03984375
0 0.325 0.0546875 0.028125 0.04453125
0 0.5140625 0.19765625 0.028125 0.06953125
0 0.46953125 0.2078125 0.03359375 0.084375
0 0.63359375 0.2625 0.00859375 0.06953125
0 0.575 0.1734375 0.0109375 0.0640625
0 0.49140625 0.321875 0.01640625 0.034375
0 0.48359375 0.38125 0.0140625 0.059375
0 0.38359375 0.415625 0.021875 0.0546875
0 0.26953125 0.36171875 0.00859375 0.04921875
0 0.421875 0.60859375 0.028125 0.0640625
0 0.396875 0.5640625 0.04140625 0.01953125
0 0.653125 0.4359375 0.01640625 0.0640625
0 0.70546875 0.42578125 0.0140625 0.07421875
0 0.728125 0.440625 0.00859375 0.0640625
0 0.75 0.4953125 0.00546875 0.059375
0 0.8859375 0.42578125 0.04140625 0.084375
0 0.896875 0.42109375 0.025 0.034375
0 0.98359375 0.4453125 0.03046875 0.034375
0 0.8359375 0.33671875 0.071875 0.0296875
0 0.8 0.15859375 0.0359375 0.0640625
0 0.928125 0.059375 0.04140625 0.059375
0 0.7140625 0.07421875 0.04453125 0.04453125
0 0.753125 0.04921875 0.03359375 0.03984375
0 0.61640625 0.04453125 0.01640625 0.0296875
0 0.70546875 0.153125 0.03046875 0.04453125
0 0.75859375 0.2375 0.01640625 0.059375
0 0.79453125 0.203125 0.0109375 0.03984375
0 0.7890625 0.2671875 0.01953125 0.0296875
0 0.7359375 0.30234375 0.0359375 0.04921875
0 0.6890625 0.33203125 0.028125 0.0546875
0 0.6390625 0.3765625 0.025 0.0546875
0 0.65 0.296875 0.025 0.059375
0 0.58359375 0.34140625 0.00859375 0.059375
0 0.94140625 0.2921875 0.00859375 0.06953125
0 0.9390625 0.25234375 0.03359375 0.059375