0 0.871875 0.12890625 0.128125 0.13359375
0 0.2609375 0.2578125 0.0859375 0.22734375
0 0.49453125 0.2671875 0.1 0.09375
0 0.653125 0.1484375 0.0890625 0.0640625
0 0.575 0.06953125 0.09453125 0.084375
0 0.853125 0.35625 0.13359375 0.153125
0 0.9359375 0.60859375 0.096875 0.15859375
0 0.778125 0.36171875 0.125 0.1234375
0 0.5140625 0.5640625 0.08359375 0.1734375
0 0.24453125 0.6234375 0.0640625 0.09375
0 0.78359375 0.64375 0.075 0.11875
0 0.5625 0.953125 0.1140625 0.09375
0 0.73046875 0.78203125 0.06953125 0.084375
0 0.61640625 0.51953125 0.0359375 0.0640625
0 0.4859375 0.40625 0.0640625 0.04921875
0 0.278125 0.10859375 0.046875 0.0296875
0 0.24453125 0.06953125 0.0640625 0.059375
0 0.20859375 0.178125 0.08046875 0.09375
0 0.28359375 0.3859375 0.05 0.0640625
0 0.24453125 0.653125 0.03359375 0.10859375
0 0.303125 0.7421875 0.08359375 0.04921875
0 0.3359375 0.92109375 0.06640625 0.04453125
0 0.35859375 0.54921875 0.05546875 0.0546875
0 0.575 0.83671875 0.06953125 0.059375
0 0.6 0.84140625 0.05 0.04453125
0 0.45546875 0.9703125 0.0359375 0.01953125
0 0.409375 0.93828125 0.096875 0.1234375
0 0.96953125 0.9453125 0.053125 0.06953125
0 0.5140625 0.48046875 0.0140625 0.059375
0 0.4640625 0.5296875 0.01953125 0.0640625
0 0.371875 0.48984375 0.0359375 0.034375
0 0.275 0.4453125 0.01953125 0.04921875
0 0.35859375 0.3171875 0.04140625 0.04453125
0 0.31953125 0.2625 0.04140625 0.01484375
0 0.375 0.24765625 0.01640625 0.059375
0 0.1890625 0.04453125 0.021875 0.0296875
0 0.69453125 0.07421875 0.04140625 0.01484375
0 0.6890625 0.1234375 0.0609375 0.025
0 0.721875 0.1734375 0.03359375 0.04453125
0 0.671875 0.22265625 0.0390625 0.034375
0 0.69140625 0.3171875 0.0140625 0.06953125
0 0.73046875 0.27734375 0.03046875 0.01484375
0 0.853125 0.24765625 0.046875 0.01953125
0 0.85859375 0.203125 0.0390625 0.10390625
0 0.96953125 0.27265625 0.0609375 0.09921875
0 0.95 0.1234375 0.05 0.01484375
0 0.7 0.465625 0.04453125 0.01484375
0 0.575 0.3859375 0.025 0.01015625
0 0.54140625 0.2875 0.03359375 0.01484375
0 0.95546875 0.415625 0.05 0.0296875
0 0.853125 0.10859375 0.028125 0.01484375
0 0.8140625 0.059375 0.1109375 0.0546875
0 0.80546875 0.27265625 0.03359375 0.01484375
0 0.8359375 0.2921875 0.028125 0.01953125