0 0.4890625 0.3515625 0.05546875 0.2421875
0 0.76640625 0.321875 0.096875 0.14375
0 0.8609375 0.1828125 0.1390625 0.16796875
0 0.671875 0.9359375 0.08359375 0.059375
0 0.8359375 0.86171875 0.06640625 0.13359375
0 0.621875 0.940625 0.05859375 0.059375
0 0.89453125 0.5046875 0.05 0.16328125
0 0.83046875 0.48046875 0.06953125 0.15859375
0 0.78359375 0.54453125 0.075 0.10859375
0 0.7 0.7125 0.0640625 0.09921875
0 0.325 0.78203125 0.09453125 0.04921875
0 0.30546875 0.85625 0.09453125 0.07890625
0 0.3 0.92109375 0.071875 0.0296875
0 0.275 0.53984375 0.103125 0.0890625
0 0.30859375 0.10859375 0.103125 0.15859375
0 0.30859375 0.1140625 0.08046875 0.11875
0 0.403125 0.059375 0.05546875 0.0296875
0 0.54453125 0.0890625 0.04140625 0.0046875
0 0.578125 0.07890625 0.06640625 0.09921875
0 0.66953125 0.14375 0.06953125 0.12890625
0 0.828125 0.084375 0.0640625 0.10390625
0 0.95859375 0.15859375 0.08046875 0.10390625
0 0.98359375 0.8265625 0.028125 0.0890625
0 0.86953125 0.98515625 0.0609375 0.0296875
0 0.54453125 0.81171875 0.0609375 0.059375
0 0.403125 0.98046875 0.046875 0.034375
0 0.24140625 0.83203125 0.01953125 0.07890625
0 0.23359375 0.83671875 0.0109375 0.06953125
0 0.21953125 0.63828125 0.03046875 0.07421875
0 0.15546875 0.72265625 0.03046875 0.04921875
0 0.0140625 0.59921875 0.025 0.034375
0 0.196875 0.534375 0.025 0.07890625
0 0.58359375 0.4359375 0.0359375 0.07421875
0 0.803125 0.1234375 0.06953125 0.07890625
0 0.80859375 0.04921875 0.01953125 0.03984375
0 0.90546875 0.04921875 0.04453125 0.01953125
0 0.5140625 0.40078125 0.05859375 0.034375
0 0.49453125 0.27734375 0.06640625 0.0890625
0 0.53046875 0.31171875 0.0359375 0.01484375
0 0.64453125 0.28203125 0.03046875 0.0546875
0 0.646875 0.21796875 0.03046875 0.034375
0 0.66953125 0.16328125 0.053125 0.03984375
0 0.68046875 0.19296875 0.0390625 0.01015625
0 0.68359375 0.13828125 0.021875 0.01484375
0 0.303125 0.33671875 0.04140625 0.084375
0 0.321875 0.203125 0.053125 0.01953125
0 0.35859375 0.2078125 0.06640625 0.0296875
0 0.21953125 0.1234375 0.01640625 0.0296875
0 0.3359375 0.27734375 0.04140625 0.01953125
0 0.34453125 0.36640625 0.03359375 0.0296875
0 0.4140625 0.45078125 0.0140625 0.06953125
0 0.371875 0.5 0.046875 0.0546875
0 0.73046875 0.80703125 0.021875 0.06953125
0 0.58046875 0.80234375 0.0359375 0.01953125
0 0.9640625 0.3859375 0.04453125 0.0296875
0 0.74453125 0.3859375 0.028125 0.03984375
0 0.803125 0.09375 0.0359375 0.01484375