0 0.521875 0.2671875 0.1640625 0.2375
0 0.43046875 0.7625 0.178125 0.2875
0 0.5390625 0.65859375 0.153125 0.084375
0 0.621875 0.85625 0.20546875 0.16328125
0 0.85546875 0.85625 0.153125 0.1140625
0 0.65546875 0.7328125 0.06640625 0.09375
0 0.871875 0.57421875 0.06953125 0.12890625
0 0.28046875 0.3765625 0.103125 0.07890625
0 0.171875 0.7328125 0.13046875 0.178125
0 0.075 0.4109375 0.09140625 0.19765625
0 0.253125 0.8765625 0.0390625 0.06953125
0 0.21640625 0.8515625 0.03046875 0.034375
0 0.271875 0.75234375 0.0359375 0.0640625
0 0.2 0.60859375 0.03359375 0.06953125
0 0.175 0.42578125 0.025 0.084375
0 0.421875 0.12890625 0.06953125 0.084375
0 0.41640625 0.1484375 0.075 0.03984375
0 0.5609375 0.11875 0.09453125 0.04921875
0 0.6890625 0.06953125 0.04453125 0.06953125
0 0.696875 0.3171875 0.071875 0.07890625
0 0.65859375 0.25234375 0.01640625 0.1140625
0 0.70859375 0.2421875 0.046875 0.0296875
0 0.8359375 0.24765625 0.04453125 0.0640625
0 0.95859375 0.65859375 0.08046875 0.13359375
0 0.94453125 0.06953125 0.0609375 0.07421875
0 0.90546875 0.04453125 0.053125 0.025
0 0.7859375 0.09921875 0.0640625 0.034375
0 0.753125 0.13828125 0.03359375 0.01484375
0 0.74140625 0.15859375 0.03046875 0.01953125
0 0.7640625 0.16328125 0.046875 0.01953125
0 0.88046875 0.203125 0.03359375 0.0296875
0 0.896875 0.09921875 0.028125 0.025
0 0.603125 0.04453125 0.04453125 0.0296875
0 0.825 0.703125 0.025 0.07890625
0 0.796875 0.36171875 0.0359375 0.034375
0 0.88046875 0.24765625 0.0390625 0.025
0 0.896875 0.33203125 0.028125 0.034375
0 0.88359375 0.4453125 0.0359375 0.0296875
0 0.20546875 0.37109375 0.025 0.059375
0 0.18359375 0.1140625 0.03359375 0.01484375
0 0.25 0.06953125 0.01640625 0.059375
0 0.33359375 0.19765625 0.0359375 0.059375
0 0.38359375 0.22265625 0.03359375 0.0296875
0 0.4109375 0.1828125 0.03046875 0.03984375
0 0.4609375 0.42109375 0.05546875 0.059375
0 0.51953125 0.36640625 0.046875 0.04453125
0 0.5890625 0.30234375 0.03359375 0.0046875
0 0.378125 0.38125 0.04140625 0.01484375
0 0.475 0.525 0.03359375 0.0296875
0 0.275 0.7078125 0.0640625 0.0296875
0 0.3390625 0.81171875 0.025 0.0546875
0 0.39140625 0.88125 0.05859375 0.04921875
0 0.38046875 0.95078125 0.028125 0.059375
0 0.4 0.975 0.01953125 0.04453125
0 0.44140625 0.915625 0.01953125 0.04453125
0 0.7640625 0.27265625 0.028125 0.01953125
0 0.75546875 0.40625 0.021875 0.0296875
0 0.75546875 0.5 0.0359375 0.0296875