0 0.6359375 0.1828125 0.2 0.30703125
0 0.81640625 0.09921875 0.08359375 0.13828125
0 0.71953125 0.42578125 0.10546875 0.19296875
0 0.85859375 0.18828125 0.0640625 0.0640625
0 0.928125 0.178125 0.1109375 0.084375
0 0.3859375 0.36640625 0.05546875 0.1734375
0 0.3359375 0.65859375 0.075 0.19765625
0 0.4609375 0.63359375 0.05859375 0.084375
0 0.453125 0.703125 0.0640625 0.06953125
0 0.496875 0.703125 0.078125 0.0296875
0 0.51640625 0.7875 0.04140625 0.059375
0 0.36640625 0.86171875 0.0359375 0.059375
0 0.35 0.8515625 0.04140625 0.04453125
0 0.26640625 0.86171875 0.0140625 0.034375
0 0.346875 0.14375 0.04140625 0.04921875
0 0.21640625 0.346875 0.0109375 0.0546875
0 0.3359375 0.0640625 0.01640625 0.059375
0 0.5109375 0.19765625 0.025 0.0546875
0 0.51640625 0.2375 0.05 0.01015625
0 0.646875 0.06953125 0.0609375 0.01484375
0 0.4890625 0.3171875 0.05 0.04453125
0 0.428125 0.4453125 0.03046875 0.0296875
0 0.525 0.39609375 0.046875 0.01953125
0 0.621875 0.33671875 0.053125 0.03984375
0 0.6609375 0.36171875 0.05859375 0.084375
0 0.671875 0.3515625 0.05546875 0.01484375
0 0.7140625 0.30703125 0.03359375 0.01484375
0 0.73359375 0.12890625 0.0109375 0.04453125
0 0.81953125 0.2578125 0.021875 0.025
0 0.95859375 0.2375 0.05 0.059375
0 0.9640625 0.10859375 0.05859375 0.07421875
0 0.88046875 0.14375 0.03359375 0.03984375
0 0.971875 0.3265625 0.05 0.0640625
0 0.571875 0.87109375 0.03359375 0.0546875
0 0.578125 0.93046875 0.0359375 0.04453125
0 0.571875 0.97734375 0.0609375 0.04453125
0 0.45546875 0.97265625 0.04453125 0.0546875
0 0.90859375 0.7125 0.09453125 0.1140625
0 0.9140625 0.85625 0.0890625 0.09921875
0 0.946875 0.60859375 0.01640625 0.0890625
0 0.7859375 0.8265625 0.04453125 0.025
0 0.55859375 0.51953125 0.03359375 0.04453125
0 0.596875 0.525 0.0359375 0.01484375
0 0.89453125 0.36640625 0.03359375 0.034375