0 0.621875 0.2578125 0.10859375 0.2578125
0 0.5359375 0.66796875 0.11953125 0.153125
0 0.646875 0.653125 0.096875 0.10390625
0 0.90859375 0.5296875 0.13359375 0.13359375
0 0.475 0.86640625 0.05 0.0640625
0 0.43359375 0.92578125 0.021875 0.059375
0 0.596875 0.89140625 0.04140625 0.07421875
0 0.625 0.78203125 0.05 0.084375
0 0.6359375 0.80703125 0.04453125 0.0640625
0 0.603125 0.7921875 0.05546875 0.034375
0 0.975 0.7921875 0.04453125 0.084375
0 0.975 0.71796875 0.05 0.06953125
0 0.771875 0.31171875 0.08046875 0.04453125
0 0.725 0.346875 0.0359375 0.03984375
0 0.753125 0.30234375 0.028125 0.03984375
0 0.7390625 0.296875 0.025 0.0296875
0 0.68359375 0.33203125 0.046875 0.0296875
0 0.71953125 0.38125 0.053125 0.01484375
0 0.7 0.153125 0.0609375 0.0296875
0 0.74140625 0.07421875 0.0609375 0.04453125
0 0.8609375 0.04921875 0.028125 0.0296875
0 0.903125 0.16328125 0.0359375 0.09375
0 0.9640625 0.13828125 0.0640625 0.2125
0 0.946875 0.16328125 0.046875 0.07890625
0 0.9640625 0.2578125 0.04140625 0.059375
0 0.9859375 0.25234375 0.025 0.0296875
0 0.478125 0.178125 0.05546875 0.04921875
0 0.3609375 0.0546875 0.025 0.04453125
0 0.221875 0.31171875 0.025 0.04921875
0 0.34140625 0.80703125 0.03359375 0.01484375
0 0.44453125 0.84140625 0.046875 0.04453125
0 0.8390625 0.8265625 0.04140625 0.025
0 0.428125 0.72265625 0.04453125 0.04453125
0 0.40546875 0.8171875 0.01953125 0.0296875
0 0.45859375 0.5046875 0.03046875 0.034375
0 0.521875 0.51015625 0.028125 0.04921875
0 0.63359375 0.51015625 0.025 0.0296875
0 0.5609375 0.42109375 0.05 0.025
0 0.60859375 0.42578125 0.05 0.01484375
0 0.746875 0.21796875 0.0140625 0.0296875
0 0.528125 0.19765625 0.00859375 0.06953125
0 0.56640625 0.296875 0.0390625 0.01953125
0 0.871875 0.178125 0.021875 0.03984375
0 0.90859375 0.1234375 0.025 0.04453125
0 0.83359375 0.2875 0.03046875 0.01953125
0 0.8890625 0.38125 0.0359375 0.025