0 0.78359375 0.51484375 0.15546875 0.153125
0 0.79140625 0.12890625 0.18046875 0.19296875
0 0.26953125 0.15859375 0.06640625 0.25234375
0 0.21640625 0.4953125 0.05546875 0.2078125
0 0.41953125 0.57421875 0.025 0.14375
0 0.4 0.69296875 0.025 0.0640625
0 0.55546875 0.84140625 0.0359375 0.16328125
0 0.778125 0.2375 0.028125 0.11875
0 0.821875 0.27734375 0.05859375 0.04453125
0 0.96953125 0.084375 0.05546875 0.059375
0 0.76640625 0.07890625 0.0609375 0.0546875
0 0.571875 0.18828125 0.03359375 0.07421875
0 0.41953125 0.0546875 0.04453125 0.01953125
0 0.621875 0.31171875 0.03046875 0.059375
0 0.7109375 0.34140625 0.028125 0.07890625
0 0.771875 0.38125 0.046875 0.025
0 0.9109375 0.30703125 0.04140625 0.04453125
0 0.85546875 0.18828125 0.0140625 0.04453125
0 0.89140625 0.87109375 0.121875 0.10859375
0 0.71640625 0.965625 0.071875 0.0640625
0 0.546875 0.6234375 0.05546875 0.0640625
0 0.60859375 0.42578125 0.03359375 0.084375