0 0.503125 0.30703125 0.03359375 0.25234375
0 0.46640625 0.1234375 0.03359375 0.178125
0 0.4 0.57421875 0.028125 0.13359375
0 0.89140625 0.7875 0.103125 0.1140625
0 0.5609375 0.559375 0.028125 0.09375
0 0.33046875 0.83203125 0.028125 0.0296875
0 0.86640625 0.9359375 0.04453125 0.10390625
0 0.8640625 0.8515625 0.03359375 0.07890625
0 0.73046875 0.51953125 0.03359375 0.059375
0 0.8890625 0.3515625 0.0359375 0.04921875
0 0.85546875 0.39609375 0.025 0.025
0 0.88046875 0.13828125 0.0359375 0.06953125
0 0.825 0.059375 0.0140625 0.03984375
0 0.703125 0.04921875 0.01640625 0.0296875
0 0.43046875 0.14375 0.003125 0.04921875
0 0.8 0.36171875 0.028125 0.01953125