0 0.28359375 0.1234375 0.103125 0.1734375
0 0.546875 0.38125 0.021875 0.10859375
0 0.75546875 0.3859375 0.0359375 0.06953125
0 0.84453125 0.7578125 0.01640625 0.1484375
0 0.8890625 0.72265625 0.0390625 0.09375
0 0.975 0.534375 0.04453125 0.06953125
0 0.853125 0.34140625 0.021875 0.0296875
0 0.89453125 0.27265625 0.04140625 0.0546875
0 0.803125 0.33671875 0.028125 0.01015625
0 0.74453125 0.30234375 0.021875 0.025
0 0.83359375 0.18828125 0.028125 0.01953125
0 0.81953125 0.0890625 0.0109375 0.04921875
0 0.3890625 0.059375 0.00546875 0.04453125
0 0.3359375 0.74765625 0.03359375 0.025