0 0.4109375 0.77734375 0.0359375 0.01484375
0 0.5890625 0.68828125 0.03359375 0.034375
0 0.55859375 0.74765625 0.053125 0.03984375
0 0.63046875 0.81171875 0.04453125 0.01953125
0 0.56953125 0.8171875 0.03046875 0.01953125
0 0.775 0.77734375 0.04453125 0.01953125
0 0.76640625 0.8265625 0.05 0.0546875
0 0.81953125 0.8765625 0.04453125 0.04453125
0 0.8890625 0.51484375 0.053125 0.01953125
0 0.9359375 0.57421875 0.05 0.025
0 0.95546875 0.60859375 0.046875 0.025
0 0.971875 0.653125 0.053125 0.04453125