0 0.63359375 0.10390625 0.15546875 0.1484375
0 0.603125 0.2578125 0.06640625 0.0296875
0 0.553125 0.4453125 0.03359375 0.034375
0 0.5359375 0.7875 0.06640625 0.04453125
0 0.64140625 0.6734375 0.09140625 0.03984375
0 0.796875 0.51015625 0.11640625 0.10859375
0 0.71953125 0.72734375 0.01953125 0.059375
0 0.796875 0.83671875 0.03046875 0.01953125
0 0.975 0.24765625 0.046875 0.2421875
0 0.7890625 0.25234375 0.021875 0.04453125
0 0.80859375 0.72265625 0.0140625 0.0296875
0 0.878125 0.821875 0.03359375 0.034375