0 0.64453125 0.7421875 0.053125 0.04453125
0 0.69140625 0.86640625 0.05859375 0.04453125
0 0.78046875 0.7671875 0.021875 0.025
0 0.78046875 0.37109375 0.16640625 0.14375
0 0.753125 0.28203125 0.071875 0.01015625
0 0.8109375 0.07421875 0.05 0.059375
0 0.98046875 0.16796875 0.01953125 0.1234375
0 0.75 0.9359375 0.0359375 0.084375
0 0.89453125 0.703125 0.028125 0.0296875
0 0.8609375 0.85625 0.01640625 0.04453125
0 0.4390625 0.63828125 0.01953125 0.04453125
0 0.45859375 0.7625 0.0140625 0.01484375
0 0.48359375 0.74765625 0.0109375 0.01953125