0 0.4109375 0.415625 0.0609375 0.1828125
0 0.33046875 0.703125 0.0609375 0.0546875
0 0.275 0.7125 0.04453125 0.025
0 0.2390625 0.68828125 0.06640625 0.059375
0 0.203125 0.66328125 0.075 0.07421875
0 0.48359375 0.821875 0.05546875 0.059375
0 0.44453125 0.8515625 0.0390625 0.0546875
0 0.44453125 0.89609375 0.03359375 0.04453125
0 0.578125 0.81171875 0.025 0.01953125
0 0.5140625 0.8171875 0.021875 0.01953125
0 0.5890625 0.64375 0.021875 0.10390625
0 0.68359375 0.5890625 0.0359375 0.04921875
0 0.65859375 0.7328125 0.071875 0.15859375
0 0.61953125 0.75234375 0.03359375 0.01953125
0 0.75 0.69765625 0.03359375 0.03984375
0 0.71640625 0.69765625 0.046875 0.03984375
0 0.7140625 0.7625 0.0359375 0.04921875
0 0.728125 0.84140625 0.0390625 0.0640625
0 0.7140625 0.8265625 0.0359375 0.04453125
0 0.79453125 0.61875 0.03046875 0.0640625
0 0.83046875 0.75234375 0.08359375 0.04921875
0 0.8640625 0.465625 0.03046875 0.059375
0 0.871875 0.6140625 0.0359375 0.0296875
0 0.796875 0.89140625 0.021875 0.04921875
0 0.70859375 0.9453125 0.075 0.04453125