0 0.325 0.40625 0.09453125 0.11875
0 0.246875 0.33671875 0.04453125 0.12890625
0 0.43046875 0.346875 0.08359375 0.07890625
0 0.5609375 0.35625 0.15546875 0.059375
0 0.61640625 0.22734375 0.075 0.07890625
0 0.796875 0.35625 0.01953125 0.09375
0 0.88359375 0.35625 0.03046875 0.07890625
0 0.8859375 0.45078125 0.01953125 0.10859375
0 0.821875 0.54921875 0.078125 0.0296875
0 0.7140625 0.68828125 0.05 0.07421875
0 0.63359375 0.60859375 0.04453125 0.0296875
0 0.6609375 0.6828125 0.01953125 0.04921875
0 0.578125 0.7578125 0.025 0.025
0 0.60859375 0.7671875 0.04140625 0.034375
0 0.58046875 0.80234375 0.028125 0.01953125
0 0.503125 0.7875 0.03046875 0.01484375
0 0.5109375 0.80703125 0.025 0.01484375
0 0.44140625 0.678125 0.10546875 0.11875
0 0.34140625 0.7625 0.11640625 0.03984375
0 0.16953125 0.7375 0.1 0.034375
0 0.4609375 0.84140625 0.025 0.034375
0 0.31640625 0.846875 0.04453125 0.084375
0 0.79140625 0.7125 0.1109375 0.0546875
0 0.70546875 0.80703125 0.0359375 0.01953125
0 0.6640625 0.77265625 0.03359375 0.0046875
0 0.6609375 0.74765625 0.04140625 0.01953125
0 0.64453125 0.796875 0.021875 0.01953125
0 0.753125 0.92578125 0.04453125 0.025
0 0.76953125 0.80703125 0.0390625 0.034375
0 0.825 0.64375 0.0390625 0.034375
0 0.3109375 0.51484375 0.16640625 0.1140625