0 0.4359375 0.3765625 0.10859375 0.0890625
0 0.49453125 0.2921875 0.06640625 0.09375
0 0.2640625 0.321875 0.14453125 0.15859375
0 0.2140625 0.415625 0.08046875 0.1234375
0 0.1859375 0.54921875 0.00859375 0.10390625
0 0.0890625 0.703125 0.0890625 0.1234375
0 0.36640625 0.6234375 0.10859375 0.084375
0 0.26953125 0.7625 0.09140625 0.0890625
0 0.30546875 0.796875 0.046875 0.1234375
0 0.51640625 0.796875 0.03359375 0.0296875
0 0.5390625 0.7578125 0.0390625 0.04453125
0 0.553125 0.77265625 0.03046875 0.034375
0 0.4859375 0.8171875 0.025 0.03984375
0 0.45546875 0.85625 0.046875 0.04453125
0 0.41640625 0.83203125 0.01640625 0.0296875
0 0.678125 0.915625 0.06640625 0.0296875
0 0.6109375 0.83671875 0.028125 0.059375
0 0.65546875 0.86171875 0.0359375 0.01953125
0 0.625 0.7421875 0.03046875 0.01484375
0 0.65859375 0.69296875 0.11953125 0.06953125
0 0.671875 0.7375 0.025 0.0296875
0 0.703125 0.80703125 0.0359375 0.04453125
0 0.6359375 0.80703125 0.03046875 0.01953125
0 0.6109375 0.78203125 0.025 0.01484375
0 0.75 0.821875 0.03046875 0.03984375
0 0.73359375 0.584375 0.08359375 0.03984375
0 0.671875 0.6234375 0.03359375 0.059375
0 0.721875 0.296875 0.18359375 0.19765625
0 0.8140625 0.30703125 0.021875 0.1140625
0 0.6640625 0.25234375 0.04140625 0.07890625
0 0.921875 0.2578125 0.05859375 0.0890625
0 0.10546875 0.80703125 0.078125 0.01484375