0 0.353125 0.5046875 0.0609375 0.1234375
0 0.3 0.13828125 0.05859375 0.203125
0 0.1859375 0.12890625 0.10859375 0.16328125
0 0.20859375 0.7875 0.06953125 0.0296875
0 0.55 0.63828125 0.11640625 0.1140625
0 0.375 0.6828125 0.1109375 0.13359375
0 0.578125 0.534375 0.01953125 0.0546875
0 0.68359375 0.53984375 0.10546875 0.10390625
0 0.8 0.346875 0.121875 0.19296875
0 0.6859375 0.6734375 0.125 0.04453125
0 0.7890625 0.64375 0.06640625 0.0890625
0 0.7640625 0.78203125 0.075 0.10390625
0 0.621875 0.7625 0.03359375 0.034375