0 0.50546875 0.33671875 0.05546875 0.2375
0 0.2609375 0.7078125 0.05 0.14375
0 0.30859375 0.84140625 0.05 0.0546875
0 0.48359375 0.80703125 0.0390625 0.13359375
0 0.628125 0.584375 0.028125 0.07890625
0 0.55859375 0.40625 0.025 0.10390625
0 0.63046875 0.1828125 0.16640625 0.30703125
0 0.821875 0.51484375 0.06640625 0.059375
0 0.65 0.87109375 0.08359375 0.1140625
0 0.59453125 0.7625 0.0390625 0.03984375
0 0.703125 0.7421875 0.03046875 0.01953125
0 0.65 0.66328125 0.0140625 0.01953125
0 0.846875 0.7578125 0.00859375 0.034375
0 0.91640625 0.57890625 0.1 0.084375