0 0.7 0.10390625 0.171875 0.13828125
0 0.53359375 0.45078125 0.05 0.04453125
0 0.43359375 0.40078125 0.028125 0.03984375
0 0.5 0.559375 0.0609375 0.034375
0 0.86640625 0.45546875 0.04140625 0.0296875
0 0.853125 0.5640625 0.04140625 0.01953125
0 0.71640625 0.53984375 0.0359375 0.04921875
0 0.76953125 0.8265625 0.0390625 0.025
0 0.9859375 0.60390625 0.025 0.025
0 0.75546875 0.6484375 0.03359375 0.025
0 0.9359375 0.678125 0.0359375 0.01953125
0 0.53359375 0.63828125 0.03359375 0.01484375
0 0.39453125 0.63828125 0.0140625 0.04921875
0 0.5390625 0.534375 0.03046875 0.01953125
0 0.596875 0.584375 0.03359375 0.01484375
0 0.81640625 0.72265625 0.025 0.025
0 0.8390625 0.65859375 0.03046875 0.01953125
0 0.5140625 0.59375 0.03046875 0.01484375
0 0.5359375 0.57890625 0.03046875 0.0296875
0 0.2140625 0.0546875 0.0140625 0.04453125
0 0.59453125 0.69296875 0.0609375 0.034375