0 0.721875 0.3765625 0.11640625 0.06953125
0 0.10859375 0.33671875 0.10546875 0.04921875
0 0.06953125 0.48515625 0.0859375 0.04921875
0 0.171875 0.465625 0.03359375 0.04921875
0 0.28046875 0.53984375 0.06640625 0.0296875
0 0.28046875 0.3859375 0.01640625 0.04453125
0 0.346875 0.4359375 0.06953125 0.0546875
0 0.45859375 0.534375 0.05 0.0296875
0 0.45859375 0.5640625 0.09453125 0.04921875
0 0.303125 0.62890625 0.028125 0.04453125
0 0.528125 0.63828125 0.0359375 0.03984375
0 0.571875 0.65859375 0.071875 0.04453125
0 0.653125 0.5640625 0.0390625 0.03984375
0 0.69453125 0.7921875 0.08359375 0.0546875
0 0.928125 0.66796875 0.078125 0.09375