0 0.3 0.2578125 0.1109375 0.1234375
0 0.95859375 0.38125 0.08046875 0.10390625
0 0.8609375 0.51015625 0.0640625 0.03984375
0 0.596875 0.48515625 0.05859375 0.084375
0 0.58046875 0.57890625 0.1390625 0.10390625
0 0.49453125 0.321875 0.028125 0.1140625
0 0.15 0.45546875 0.05859375 0.034375
0 0.203125 0.45546875 0.053125 0.0640625
0 0.246875 0.51953125 0.05546875 0.04921875
0 0.3359375 0.60390625 0.03359375 0.01953125
0 0.4140625 0.56953125 0.01640625 0.025
0 0.5 0.6828125 0.071875 0.0296875
0 0.746875 0.80234375 0.05 0.04453125