0 0.3859375 0.21796875 0.08046875 0.03984375
0 0.41640625 0.40625 0.0859375 0.03984375
0 0.603125 0.1484375 0.04140625 0.0296875
0 0.753125 0.10390625 0.0140625 0.04453125
0 0.846875 0.19296875 0.01640625 0.04921875
0 0.9359375 0.51015625 0.01953125 0.0640625
0 0.71953125 0.5 0.06640625 0.04453125
0 0.65859375 0.51015625 0.03359375 0.034375
0 0.75859375 0.6484375 0.0640625 0.034375
0 0.628125 0.6734375 0.05859375 0.03984375
0 0.65859375 0.7078125 0.053125 0.025
0 0.525 0.84140625 0.05 0.0546875
0 0.14140625 0.796875 0.04453125 0.1484375
0 0.328125 0.36640625 0.04453125 0.04921875
0 0.39453125 0.1484375 0.025 0.07421875
0 0.5 0.465625 0.025 0.04921875
0 0.25 0.06953125 0.021875 0.07421875
0 0.44453125 0.07421875 0.01953125 0.059375
0 0.25859375 0.178125 0.03359375 0.034375
0 0.46953125 0.1484375 0.028125 0.025
0 0.325 0.321875 0.03046875 0.059375
0 0.396875 0.2921875 0.0359375 0.034375
0 0.546875 0.40078125 0.0390625 0.0296875
0 0.728125 0.34140625 0.01953125 0.04453125
0 0.65546875 0.27265625 0.025 0.03984375
0 0.4359375 0.51953125 0.03046875 0.0296875
0 0.178125 0.5546875 0.04453125 0.03984375
0 0.73046875 0.54921875 0.0109375 0.0640625
0 0.471875 0.22734375 0.01953125 0.025
0 0.28046875 0.40625 0.021875 0.0296875
0 0.80546875 0.84140625 0.05 0.04453125
0 0.3609375 0.87109375 0.03359375 0.04453125
0 0.2140625 0.33203125 0.00859375 0.04921875
0 0.203125 0.33671875 0.0140625 0.04453125
0 0.30546875 0.1734375 0.0109375 0.03984375
0 0.6109375 0.31171875 0.0140625 0.03984375
0 0.43046875 0.4453125 0.01640625 0.034375
0 0.4109375 0.36171875 0.025 0.0296875
0 0.503125 0.36171875 0.0109375 0.034375
0 0.59453125 0.5 0.01953125 0.025
0 0.96640625 0.42578125 0.01640625 0.04453125
0 0.7109375 0.72734375 0.03359375 0.025