0 0.66953125 0.534375 0.0890625 0.0546875
0 0.7359375 0.5296875 0.05546875 0.03984375
0 0.425 0.3265625 0.075 0.07421875
0 0.41640625 0.346875 0.04453125 0.03984375
0 0.44453125 0.37109375 0.04140625 0.0546875
0 0.9609375 0.35625 0.075 0.1484375
0 0.5140625 0.62890625 0.05 0.10859375
0 0.721875 0.83203125 0.05859375 0.059375
0 0.55546875 0.8765625 0.05 0.03984375
0 0.45 0.69296875 0.05546875 0.034375
0 0.58359375 0.59375 0.046875 0.0296875
0 0.43359375 0.16328125 0.0140625 0.07890625
0 0.39453125 0.06953125 0.028125 0.07421875
0 0.5609375 0.084375 0.028125 0.07421875
0 0.56640625 0.04921875 0.0390625 0.034375
0 0.58046875 0.12890625 0.0109375 0.04453125
0 0.525 0.2078125 0.0359375 0.03984375
0 0.353125 0.2578125 0.028125 0.0546875
0 0.38359375 0.5890625 0.04453125 0.03984375
0 0.30859375 0.45078125 0.0390625 0.034375
0 0.28046875 0.33203125 0.046875 0.07421875
0 0.19453125 0.465625 0.0390625 0.10390625
0 0.15546875 0.4953125 0.03359375 0.04453125
0 0.696875 0.37109375 0.03359375 0.0640625
0 0.6109375 0.28203125 0.01640625 0.034375
0 0.871875 0.63828125 0.05859375 0.025
0 0.925 0.59375 0.053125 0.06953125
0 0.88359375 0.4953125 0.03359375 0.06953125
0 0.446875 0.53984375 0.0390625 0.04453125
0 0.35 0.86171875 0.05 0.034375
0 0.328125 0.66796875 0.025 0.04453125
0 0.1890625 0.07890625 0.01640625 0.059375
0 0.1890625 0.16796875 0.03046875 0.06953125
0 0.378125 0.22265625 0.0109375 0.0296875
0 0.50546875 0.525 0.0140625 0.03984375
0 0.978125 0.6140625 0.0359375 0.0296875
0 0.425 0.703125 0.0390625 0.034375
0 0.63046875 0.440625 0.0390625 0.025
0 0.28359375 0.415625 0.025 0.034375
0 0.58359375 0.69296875 0.03359375 0.0296875
0 0.89453125 0.85625 0.046875 0.04921875
0 0.90546875 0.3265625 0.0140625 0.04453125
0 0.20546875 0.321875 0.01640625 0.0546875
0 0.31953125 0.07890625 0.025 0.01953125
0 0.73046875 0.69765625 0.01953125 0.04921875