0 0.8609375 0.11875 0.11640625 0.16796875
0 0.3 0.31171875 0.05859375 0.07890625
0 0.28046875 0.19296875 0.06640625 0.0296875
0 0.46953125 0.2125 0.05859375 0.01484375
0 0.496875 0.11875 0.0109375 0.07421875
0 0.571875 0.2421875 0.025 0.059375
0 0.75859375 0.42109375 0.06640625 0.11875
0 0.85 0.45078125 0.05859375 0.04921875
0 0.91953125 0.43046875 0.06640625 0.084375
0 0.6140625 0.440625 0.05 0.0890625
0 0.5390625 0.61875 0.03359375 0.09375
0 0.5640625 0.6734375 0.021875 0.10390625
0 0.46640625 0.653125 0.021875 0.07421875
0 0.4390625 0.796875 0.0359375 0.059375
0 0.61640625 0.77734375 0.0640625 0.03984375
0 0.65 0.56953125 0.05 0.034375
0 0.71640625 0.559375 0.028125 0.06953125
0 0.98359375 0.25234375 0.025 0.1140625
0 0.9859375 0.33203125 0.01953125 0.0296875
0 0.74140625 0.27734375 0.028125 0.03984375
0 0.84140625 0.19765625 0.03359375 0.0640625
0 0.371875 0.1140625 0.03359375 0.03984375
0 0.05859375 0.178125 0.05 0.059375
0 0.08359375 0.27265625 0.05 0.04453125
0 0.26953125 0.5640625 0.04453125 0.04921875
0 0.23046875 0.53984375 0.03359375 0.025
0 0.2140625 0.440625 0.05 0.0296875
0 0.28359375 0.43046875 0.0359375 0.01953125
0 0.31640625 0.45078125 0.021875 0.04453125
0 0.40859375 0.40625 0.0359375 0.04921875
0 0.4359375 0.36640625 0.0390625 0.06953125
0 0.496875 0.38125 0.0140625 0.01953125
0 0.68046875 0.37109375 0.01953125 0.04453125
0 0.721875 0.38125 0.01953125 0.03984375
0 0.746875 0.33671875 0.01953125 0.0296875
0 0.8890625 0.57890625 0.025 0.04453125
0 0.9640625 0.7578125 0.04453125 0.034375
0 0.8 0.8765625 0.021875 0.059375
0 0.653125 0.9359375 0.0359375 0.03984375
0 0.3359375 0.80703125 0.03359375 0.0296875
0 0.21640625 0.86171875 0.028125 0.025
0 0.4640625 0.584375 0.04140625 0.04921875
0 0.5 0.53984375 0.0140625 0.0546875
0 0.4890625 0.69765625 0.03359375 0.025
0 0.68359375 0.7078125 0.0390625 0.0546875
0 0.76640625 0.48984375 0.028125 0.0546875
0 0.6 0.65859375 0.0390625 0.0546875
0 0.85546875 0.62890625 0.025 0.0640625