0 0.628125 0.19765625 0.04453125 0.18828125
0 0.3859375 0.415625 0.04140625 0.153125
0 0.278125 0.321875 0.0890625 0.16796875
0 0.14453125 0.22265625 0.11640625 0.11875
0 0.05546875 0.65859375 0.10859375 0.16796875
0 0.85546875 0.3171875 0.03046875 0.1140625
0 0.8609375 0.31171875 0.0359375 0.16796875
0 0.8640625 0.2125 0.046875 0.04453125
0 0.8609375 0.10859375 0.03046875 0.1484375
0 0.496875 0.07421875 0.05 0.084375
0 0.6890625 0.3515625 0.046875 0.04453125
0 0.771875 0.83203125 0.05859375 0.19296875
0 0.75859375 0.7421875 0.05 0.04453125
0 0.88046875 0.45546875 0.046875 0.07890625
0 0.60546875 0.54453125 0.053125 0.0296875
0 0.621875 0.4109375 0.0390625 0.04453125
0 0.521875 0.465625 0.025 0.03984375
0 0.45546875 0.39609375 0.0140625 0.0640625
0 0.346875 0.321875 0.0390625 0.0546875
0 0.5359375 0.3765625 0.021875 0.0296875
0 0.78046875 0.27265625 0.028125 0.059375
0 0.721875 0.34140625 0.025 0.0640625
0 0.73046875 0.34140625 0.0390625 0.04921875
0 0.70859375 0.40625 0.0109375 0.04453125
0 0.70859375 0.475 0.04453125 0.025
0 0.603125 0.61875 0.05546875 0.04453125
0 0.978125 0.415625 0.04140625 0.04921875
0 0.90859375 0.06953125 0.04140625 0.06953125
0 0.41640625 0.7625 0.046875 0.0296875
0 0.2359375 0.63828125 0.03359375 0.06953125
0 0.203125 0.48984375 0.053125 0.025
0 0.3890625 0.16796875 0.025 0.059375
0 0.496875 0.64375 0.021875 0.0890625
0 0.53046875 0.6828125 0.01953125 0.04453125
0 0.6859375 0.66328125 0.03046875 0.034375
0 0.471875 0.54921875 0.01953125 0.04453125
0 0.35546875 0.7875 0.0140625 0.04453125
0 0.59453125 0.8265625 0.05 0.07421875
0 0.88046875 0.51953125 0.028125 0.06953125
0 0.10859375 0.38125 0.05 0.034375
0 0.28046875 0.153125 0.03046875 0.04921875
0 0.3 0.95546875 0.05546875 0.07421875
0 0.33046875 0.89609375 0.03046875 0.0296875