0 0.228125 0.09921875 0.18359375 0.13359375
0 0.125 0.440625 0.11953125 0.06953125
0 0.446875 0.084375 0.06953125 0.07890625
0 0.5109375 0.07890625 0.09453125 0.09921875
0 0.8640625 0.1140625 0.021875 0.10390625
0 0.91953125 0.07421875 0.0390625 0.084375
0 0.821875 0.1828125 0.05859375 0.059375
0 0.85859375 0.18828125 0.05 0.04921875
0 0.55859375 0.92109375 0.178125 0.11875
0 0.54453125 0.40625 0.1 0.04453125
0 0.44140625 0.35625 0.03046875 0.0640625
0 0.15859375 0.321875 0.09140625 0.0546875
0 0.078125 0.3515625 0.0390625 0.059375
0 0.10546875 0.37109375 0.05 0.0296875
0 0.446875 0.53984375 0.075 0.06953125
0 0.39453125 0.475 0.04453125 0.0296875
0 0.2 0.7578125 0.08359375 0.0640625
0 0.26640625 0.703125 0.078125 0.09375
0 0.30546875 0.72265625 0.05546875 0.10859375
0 0.4859375 0.703125 0.04453125 0.034375
0 0.58359375 0.7078125 0.05859375 0.034375
0 0.58046875 0.75234375 0.05859375 0.034375
0 0.73046875 0.75234375 0.05859375 0.084375
0 0.95 0.6734375 0.078125 0.07421875
0 0.9359375 0.40625 0.01640625 0.07890625
0 0.76640625 0.31171875 0.03046875 0.0640625
0 0.75546875 0.3859375 0.01953125 0.04921875
0 0.675 0.5640625 0.025 0.0640625
0 0.975 0.11875 0.025 0.09375
0 0.753125 0.65859375 0.025 0.0546875
0 0.5890625 0.36171875 0.021875 0.07421875
0 0.575 0.3859375 0.0140625 0.03984375
0 0.525 0.440625 0.01640625 0.0546875
0 0.18359375 0.48984375 0.046875 0.07421875
0 0.121875 0.42578125 0.046875 0.0296875
0 0.15 0.51953125 0.0609375 0.034375
0 0.80546875 0.821875 0.025 0.03984375
0 0.6640625 0.6140625 0.04140625 0.01953125
0 0.41640625 0.12890625 0.01640625 0.07421875