0 0.721875 0.30703125 0.1390625 0.2125
0 0.5 0.33203125 0.125 0.0890625
0 0.53046875 0.45546875 0.1140625 0.0546875
0 0.8 0.10859375 0.04453125 0.1484375
0 0.875 0.1734375 0.03046875 0.10390625
0 0.875 0.059375 0.01953125 0.059375
0 0.80546875 0.2921875 0.03046875 0.084375
0 0.96640625 0.45546875 0.03046875 0.13828125
0 0.646875 0.96015625 0.13359375 0.06953125
0 0.7140625 0.83671875 0.046875 0.04453125
0 0.68046875 0.7421875 0.075 0.034375
0 0.575 0.59375 0.04453125 0.03984375
0 0.6109375 0.5296875 0.0359375 0.04453125
0 0.653125 0.475 0.03359375 0.0546875
0 0.34453125 0.30703125 0.0390625 0.13828125
0 0.30546875 0.084375 0.0640625 0.10390625
0 0.203125 0.3265625 0.04453125 0.13359375
0 0.071875 0.80234375 0.03046875 0.14375
0 0.08359375 0.5546875 0.05 0.04453125
0 0.15546875 0.57421875 0.01953125 0.07890625
0 0.04140625 0.40625 0.05859375 0.025
0 0.28046875 0.87109375 0.06640625 0.03984375
0 0.4140625 0.95546875 0.09140625 0.04453125
0 0.4890625 0.24765625 0.01640625 0.10859375
0 0.58359375 0.30234375 0.04453125 0.06953125
0 0.10859375 0.28203125 0.028125 0.1140625
0 0.178125 0.084375 0.025 0.06953125
0 0.01953125 0.30703125 0.0390625 0.0640625
0 0.053125 0.5 0.04140625 0.03984375
0 0.33046875 0.40625 0.03359375 0.084375
0 0.55 0.63359375 0.03359375 0.0296875
0 0.23359375 0.72265625 0.046875 0.0296875