0 0.2109375 0.37109375 0.11953125 0.2125
0 0.0359375 0.3171875 0.025 0.16796875
0 0.075 0.38125 0.01953125 0.12890625
0 0.03046875 0.60390625 0.0359375 0.1140625
0 0.39453125 0.24765625 0.075 0.07421875
0 0.453125 0.203125 0.05859375 0.04921875
0 0.75546875 0.15859375 0.025 0.10390625
0 0.8390625 0.16328125 0.0140625 0.10859375
0 0.825 0.296875 0.06640625 0.034375
0 0.98046875 0.3265625 0.03359375 0.1234375
0 0.7890625 0.65859375 0.0609375 0.2328125
0 0.75 0.6734375 0.075 0.18828125
0 0.878125 0.80703125 0.10859375 0.13828125
0 0.9140625 0.86640625 0.08359375 0.0890625
0 0.625 0.86640625 0.0859375 0.11875
0 0.6390625 0.9703125 0.0890625 0.059375
0 0.54453125 0.7875 0.04140625 0.13828125
0 0.325 0.7875 0.046875 0.10859375
0 0.3390625 0.65859375 0.03046875 0.13359375
0 0.221875 0.703125 0.03359375 0.1484375
0 0.196875 0.94765625 0.071875 0.10390625
0 0.3390625 0.33203125 0.0109375 0.1140625
0 0.35859375 0.4109375 0.05 0.034375
0 0.63359375 0.4359375 0.0140625 0.07890625
0 0.74453125 0.53984375 0.0140625 0.0640625
0 0.053125 0.72734375 0.04140625 0.10390625
0 0.0140625 0.51015625 0.021875 0.0640625
0 0.06953125 0.8265625 0.04140625 0.09375
0 0.1359375 0.77265625 0.01640625 0.0640625
0 0.3359375 0.86640625 0.021875 0.07890625
0 0.20546875 0.9109375 0.04140625 0.059375
0 0.725 0.678125 0.025 0.0640625