0 0.853125 0.48984375 0.15 0.1828125
0 0.85546875 0.28203125 0.11640625 0.0890625
0 0.4 0.2625 0.05546875 0.10390625
0 0.50859375 0.16328125 0.021875 0.11875
0 0.43359375 0.2578125 0.028125 0.09375
0 0.5140625 0.56953125 0.0890625 0.07890625
0 0.28046875 0.4109375 0.06953125 0.07421875
0 0.1 0.178125 0.05 0.16796875
0 0.2890625 0.16328125 0.05859375 0.084375
0 0.0609375 0.48515625 0.0640625 0.14375
0 0.321875 0.60859375 0.0640625 0.0546875
0 0.2109375 0.51484375 0.0609375 0.04921875
0 0.70546875 0.27265625 0.01640625 0.07421875
0 0.74140625 0.60859375 0.04453125 0.19765625
0 0.65546875 0.57890625 0.028125 0.178125
0 0.63046875 0.57421875 0.096875 0.1234375
0 0.478125 0.7078125 0.05546875 0.0890625
0 0.33359375 0.66796875 0.05 0.084375
0 0.20546875 0.59921875 0.078125 0.04453125
0 0.1 0.62890625 0.071875 0.04921875
0 0.078125 0.60859375 0.06953125 0.034375
0 0.2 0.65859375 0.053125 0.0296875
0 0.275 0.63359375 0.05 0.04453125
0 0.296875 0.559375 0.0390625 0.04453125
0 0.65 0.915625 0.03359375 0.11875
0 0.603125 0.940625 0.025 0.1140625
0 0.846875 0.90078125 0.021875 0.10390625
0 0.95 0.5640625 0.09453125 0.11875
0 0.95859375 0.59375 0.075 0.09375
0 0.246875 0.87109375 0.053125 0.0546875
0 0.521875 0.85625 0.03359375 0.07421875
0 0.58359375 0.90078125 0.0609375 0.034375
0 0.75546875 0.86171875 0.03046875 0.0640625
0 0.70546875 0.940625 0.03359375 0.04921875
0 0.81953125 0.96015625 0.028125 0.0640625
0 0.11640625 0.69296875 0.04140625 0.0296875
0 0.1390625 0.4359375 0.025 0.09375
0 0.471875 0.3859375 0.028125 0.0296875
0 0.3390625 0.24765625 0.0109375 0.03984375
0 0.246875 0.5546875 0.04140625 0.0546875
0 0.225 0.0546875 0.01640625 0.03984375
0 0.9109375 0.059375 0.03046875 0.04921875
0 0.34140625 0.796875 0.046875 0.059375