0 0.48359375 0.525 0.121875 0.059375
0 0.54453125 0.178125 0.14140625 0.21796875
0 0.7890625 0.19765625 0.10859375 0.2921875
0 0.88046875 0.3515625 0.13046875 0.15859375
0 0.878125 0.3859375 0.06640625 0.10859375
0 0.60859375 0.5890625 0.075 0.15859375
0 0.56640625 0.45078125 0.0359375 0.1828125
0 0.7890625 0.7421875 0.125 0.04453125
0 0.7640625 0.584375 0.1 0.12890625
0 0.221875 0.059375 0.10859375 0.03984375
0 0.0640625 0.153125 0.028125 0.13828125
0 0.153125 0.51484375 0.096875 0.07421875
0 0.06640625 0.69765625 0.0640625 0.07890625
0 0.35859375 0.66328125 0.0890625 0.07890625
0 0.38046875 0.45546875 0.05859375 0.059375
0 0.3390625 0.4359375 0.06640625 0.0296875
0 0.4109375 0.0890625 0.075 0.1140625
0 0.49453125 0.8765625 0.05 0.11875
0 0.653125 0.66796875 0.06640625 0.09375
0 0.146875 0.2578125 0.04140625 0.03984375
0 0.34140625 0.14375 0.01640625 0.059375
0 0.49140625 0.06953125 0.0109375 0.06953125
0 0.35 0.83203125 0.05 0.0640625
0 0.39453125 0.86171875 0.05546875 0.084375
0 0.253125 0.7671875 0.0640625 0.0296875
0 0.296875 0.66328125 0.0609375 0.059375
0 0.38046875 0.63828125 0.078125 0.04921875
0 0.203125 0.559375 0.05859375 0.0890625
0 0.578125 0.940625 0.09453125 0.11875
0 0.64140625 0.9359375 0.078125 0.09375
0 0.69453125 0.965625 0.04453125 0.0640625
0 0.90546875 0.92578125 0.0359375 0.0546875
0 0.7109375 0.80703125 0.01640625 0.06953125
0 0.821875 0.7671875 0.028125 0.10390625
0 0.81953125 0.6734375 0.01640625 0.09921875
0 0.75 0.63359375 0.01953125 0.06953125
0 0.9859375 0.13359375 0.025 0.06953125
0 0.575 0.2078125 0.00859375 0.06953125
0 0.23046875 0.3171875 0.053125 0.0296875
0 0.11640625 0.64375 0.046875 0.059375
0 0.16953125 0.43046875 0.01953125 0.07421875
0 0.328125 0.59375 0.01640625 0.0546875
0 0.175 0.72265625 0.05546875 0.034375
0 0.84140625 0.93046875 0.028125 0.059375
0 0.50546875 0.74765625 0.04453125 0.03984375
0 0.1390625 0.65859375 0.0390625 0.04453125