0 0.75546875 0.3859375 0.1390625 0.22734375
0 0.6140625 0.30703125 0.05859375 0.296875
0 0.8359375 0.12890625 0.04140625 0.19296875
0 0.7609375 0.13359375 0.028125 0.12890625
0 0.91953125 0.3171875 0.0109375 0.10859375
0 0.95859375 0.4109375 0.075 0.03984375
0 0.6140625 0.584375 0.1 0.059375
0 0.725 0.60390625 0.075 0.0546875
0 0.528125 0.51953125 0.05 0.09375
0 0.90859375 0.83671875 0.05859375 0.04453125
0 0.871875 0.96015625 0.075 0.04453125
0 0.071875 0.63828125 0.03046875 0.1484375
0 0.03046875 0.63828125 0.05859375 0.0546875
0 0.19140625 0.37109375 0.0609375 0.07421875
0 0.39453125 0.2875 0.046875 0.13828125
0 0.46953125 0.24765625 0.06640625 0.084375
0 0.475 0.27734375 0.05 0.1484375
0 0.4359375 0.09921875 0.04140625 0.11875
0 0.5140625 0.153125 0.0109375 0.084375
0 0.3609375 0.24765625 0.04140625 0.13359375
0 0.246875 0.14375 0.028125 0.0546875
0 0.4640625 0.66328125 0.08046875 0.034375
0 0.53359375 0.63359375 0.0609375 0.04453125
0 0.5359375 0.7328125 0.06953125 0.034375
0 0.61953125 0.703125 0.05859375 0.04921875
0 0.69453125 0.69296875 0.046875 0.025
0 0.875 0.5296875 0.0359375 0.03984375
0 0.88359375 0.51953125 0.00859375 0.07421875
0 0.75546875 0.51484375 0.0140625 0.04453125
0 0.6890625 0.53984375 0.03359375 0.034375
0 0.56640625 0.534375 0.05546875 0.01953125
0 0.58359375 0.4453125 0.046875 0.10390625
0 0.40546875 0.3765625 0.0390625 0.034375
0 0.35546875 0.46015625 0.0109375 0.059375
0 0.26640625 0.3171875 0.01640625 0.0640625
0 0.15859375 0.45078125 0.03046875 0.0890625
0 0.18046875 0.4359375 0.03359375 0.034375
0 0.29453125 0.38125 0.028125 0.034375
0 0.6140625 0.7921875 0.05546875 0.034375
0 0.603125 0.8765625 0.053125 0.0296875
0 0.31953125 0.72265625 0.053125 0.04921875
0 0.35546875 0.69765625 0.04453125 0.034375
0 0.5140625 0.5890625 0.053125 0.0296875
0 0.3890625 0.65859375 0.0140625 0.04453125
0 0.45546875 0.86640625 0.0390625 0.034375
0 0.2890625 0.48046875 0.028125 0.03984375
0 0.23359375 0.525 0.0390625 0.04921875
0 0.2140625 0.2078125 0.01953125 0.04453125
0 0.78046875 0.7125 0.0390625 0.01953125
0 0.778125 0.74765625 0.03359375 0.025