0 0.84453125 0.19296875 0.053125 0.19296875
0 0.928125 0.36171875 0.0140625 0.12890625
0 0.94140625 0.63828125 0.06953125 0.03984375
0 0.928125 0.69765625 0.04140625 0.034375
0 0.671875 0.559375 0.096875 0.04453125
0 0.7109375 0.4453125 0.01640625 0.09921875
0 0.796875 0.4359375 0.05859375 0.0890625
0 0.75 0.4953125 0.05 0.025
0 0.796875 0.5046875 0.03046875 0.03984375
0 0.778125 0.534375 0.06953125 0.0546875
0 0.5859375 0.18828125 0.01953125 0.09921875
0 0.475 0.25234375 0.03359375 0.16328125
0 0.478125 0.5046875 0.01640625 0.084375
0 0.525 0.63828125 0.03046875 0.04921875
0 0.71640625 0.71796875 0.053125 0.0546875
0 0.81953125 0.653125 0.05859375 0.034375
0 0.803125 0.74765625 0.05546875 0.0296875
0 0.58359375 0.7125 0.03046875 0.034375
0 0.5140625 0.72265625 0.04140625 0.034375
0 0.2640625 0.07890625 0.05 0.084375
0 0.26953125 0.21796875 0.04140625 0.059375
0 0.30859375 0.2671875 0.075 0.0296875
0 0.11640625 0.27265625 0.04453125 0.1140625
0 0.09140625 0.703125 0.0640625 0.084375
0 0.253125 0.653125 0.05546875 0.03984375
0 0.425 0.75234375 0.05 0.04921875
0 0.16953125 0.51953125 0.0140625 0.084375
0 0.30546875 0.4453125 0.0109375 0.04921875
0 0.25546875 0.5 0.01953125 0.03984375
0 0.56640625 0.81171875 0.0359375 0.034375
0 0.84453125 0.7375 0.028125 0.059375
0 0.63359375 0.62890625 0.028125 0.0546875
0 0.58046875 0.915625 0.03359375 0.034375
0 0.70546875 0.7625 0.046875 0.0296875
0 0.278125 0.3859375 0.0390625 0.034375