0 0.44140625 0.1828125 0.01953125 0.10390625
0 0.575 0.1484375 0.075 0.034375
0 0.65859375 0.27734375 0.021875 0.16796875
0 0.928125 0.09921875 0.0359375 0.13828125
0 0.9828125 0.12890625 0.034375 0.0296875
0 0.93359375 0.57421875 0.071875 0.0890625
0 0.86953125 0.5046875 0.0390625 0.0890625
0 0.925 0.4703125 0.021875 0.084375
0 0.89453125 0.475 0.028125 0.06953125
0 0.85546875 0.4703125 0.01640625 0.0640625
0 0.84453125 0.6234375 0.071875 0.0640625
0 0.80546875 0.72265625 0.0640625 0.0296875
0 0.528125 0.584375 0.06953125 0.04921875
0 0.58359375 0.53984375 0.04140625 0.03984375
0 0.64140625 0.42578125 0.0140625 0.084375
0 0.75 0.3859375 0.01640625 0.0890625
0 0.175 0.11875 0.04453125 0.084375
0 0.403125 0.19765625 0.046875 0.0546875
0 0.421875 0.24765625 0.03046875 0.04921875
0 0.39140625 0.31171875 0.03359375 0.0546875
0 0.546875 0.4109375 0.0140625 0.0640625
0 0.671875 0.56953125 0.01953125 0.059375
0 0.40546875 0.48515625 0.04140625 0.06953125
0 0.20859375 0.48984375 0.05 0.03984375
0 0.1109375 0.80703125 0.04453125 0.06953125
0 0.21953125 0.84140625 0.046875 0.0640625
0 0.18359375 0.9109375 0.053125 0.0296875
0 0.3109375 0.5046875 0.0390625 0.03984375
0 0.14453125 0.2921875 0.046875 0.03984375
0 0.21640625 0.30234375 0.025 0.03984375
0 0.59453125 0.65859375 0.03359375 0.06953125
0 0.65546875 0.63828125 0.0609375 0.0296875
0 0.6890625 0.6734375 0.05546875 0.01484375
0 0.7 0.7578125 0.05 0.034375
0 0.59453125 0.7578125 0.0609375 0.0296875
0 0.80546875 0.92578125 0.04140625 0.0296875
0 0.253125 0.40078125 0.0140625 0.04453125
0 0.9 0.54921875 0.05 0.034375
0 0.903125 0.71796875 0.03046875 0.0296875
0 0.48359375 0.74765625 0.0359375 0.0296875
0 0.4359375 0.77734375 0.028125 0.03984375