0 0.678125 0.5046875 0.053125 0.07421875
0 0.946875 0.10390625 0.08046875 0.12890625
0 0.971875 0.10390625 0.053125 0.13828125
0 0.70859375 0.0640625 0.0390625 0.0640625
0 0.76640625 0.34140625 0.0640625 0.07421875
0 0.84140625 0.45078125 0.028125 0.1140625
0 0.978125 0.3859375 0.04140625 0.059375
0 0.98359375 0.45546875 0.025 0.025
0 0.88046875 0.66796875 0.05546875 0.06953125
0 0.8859375 0.6734375 0.0609375 0.0296875
0 0.971875 0.6484375 0.05 0.034375
0 0.978125 0.60390625 0.03046875 0.025
0 0.7609375 0.525 0.053125 0.025
0 0.7140625 0.559375 0.078125 0.07421875
0 0.621875 0.54921875 0.021875 0.034375
0 0.5140625 0.5 0.0640625 0.04453125
0 0.546875 0.33203125 0.0140625 0.059375
0 0.428125 0.12890625 0.00859375 0.09921875
0 0.296875 0.084375 0.00859375 0.084375
0 0.1640625 0.30234375 0.05546875 0.03984375
0 0.2140625 0.31171875 0.01640625 0.059375
0 0.303125 0.28203125 0.0109375 0.0546875
0 0.4109375 0.321875 0.01953125 0.01484375
0 0.36640625 0.51484375 0.03359375 0.084375
0 0.44140625 0.60859375 0.05546875 0.03984375
0 0.4 0.6234375 0.04140625 0.04453125
0 0.49453125 0.75234375 0.05 0.034375
0 0.5609375 0.75234375 0.03359375 0.04453125
0 0.65 0.80234375 0.05 0.0296875
0 0.78359375 0.7421875 0.05859375 0.0296875
0 0.76640625 0.7421875 0.021875 0.07421875
0 0.89140625 0.77265625 0.0359375 0.025
0 0.853125 0.80234375 0.05 0.025
0 0.40859375 0.7625 0.03359375 0.034375
0 0.321875 0.45546875 0.028125 0.03984375
0 0.5609375 0.86640625 0.021875 0.03984375
0 0.0109375 0.3171875 0.01640625 0.04453125
0 0.30859375 0.7578125 0.046875 0.034375