0 0.428125 0.12890625 0.03046875 0.1828125
0 0.453125 0.13359375 0.075 0.07421875
0 0.03359375 0.35625 0.0640625 0.04921875
0 0.21953125 0.178125 0.0390625 0.07890625
0 0.2859375 0.321875 0.04453125 0.0890625
0 0.39140625 0.2375 0.0359375 0.06953125
0 0.421875 0.4109375 0.04453125 0.025
0 0.2859375 0.33671875 0.0390625 0.0296875
0 0.271875 0.3515625 0.05 0.034375
0 0.26640625 0.3859375 0.03046875 0.034375
0 0.28359375 0.4953125 0.053125 0.07890625
0 0.43359375 0.5640625 0.021875 0.07421875
0 0.70859375 0.42109375 0.03359375 0.04453125
0 0.74453125 0.48515625 0.053125 0.11875
0 0.9 0.30703125 0.0609375 0.14375
0 0.95859375 0.33671875 0.078125 0.04453125
0 0.84140625 0.13359375 0.071875 0.059375
0 0.79140625 0.2578125 0.0640625 0.034375
0 0.65546875 0.19296875 0.05 0.034375
0 0.5390625 0.61875 0.01953125 0.06953125
0 0.453125 0.63828125 0.053125 0.025
0 0.80859375 0.584375 0.01640625 0.084375
0 0.85 0.5890625 0.078125 0.034375
0 0.9859375 0.42578125 0.025 0.0640625
0 0.975 0.40625 0.03359375 0.04453125
0 0.9109375 0.7078125 0.06640625 0.034375
0 0.921875 0.584375 0.04140625 0.0296875
0 0.75546875 0.6234375 0.04140625 0.025
0 0.59453125 0.69765625 0.01640625 0.07421875
0 0.64140625 0.68828125 0.01953125 0.0640625
0 0.7109375 0.7328125 0.03359375 0.059375
0 0.85859375 0.7421875 0.03359375 0.0640625
0 0.98046875 0.74765625 0.0359375 0.04921875
0 0.19140625 0.51484375 0.04453125 0.034375
0 0.74140625 0.54453125 0.04453125 0.025
0 0.85859375 0.60390625 0.03359375 0.04921875
0 0.946875 0.75234375 0.046875 0.034375