0 0.671875 0.43046875 0.121875 0.1484375
0 0.63359375 0.5546875 0.1140625 0.10859375
0 0.95 0.2125 0.09453125 0.10390625
0 0.7640625 0.07421875 0.03046875 0.084375
0 0.29453125 0.1140625 0.03046875 0.15859375
0 0.31640625 0.12890625 0.05546875 0.04921875
0 0.3859375 0.19765625 0.03046875 0.03984375
0 0.6109375 0.203125 0.05546875 0.03984375
0 0.7140625 0.10390625 0.06640625 0.034375
0 0.78046875 0.38125 0.0640625 0.0546875
0 0.825 0.415625 0.05 0.0890625
0 0.9609375 0.35625 0.06953125 0.09375
0 0.871875 0.43046875 0.0359375 0.06953125
0 0.94140625 0.48046875 0.08046875 0.06953125
0 0.89140625 0.525 0.028125 0.07421875
0 0.9859375 0.465625 0.021875 0.03984375
0 0.921875 0.7921875 0.046875 0.07421875
0 0.7 0.8171875 0.05546875 0.14375
0 0.771875 0.71796875 0.05 0.11875
0 0.828125 0.7375 0.05546875 0.034375
0 0.775 0.80234375 0.04453125 0.01484375
0 0.59453125 0.7578125 0.0640625 0.04921875
0 0.59453125 0.78203125 0.028125 0.04453125
0 0.5359375 0.71796875 0.06640625 0.0296875
0 0.4109375 0.296875 0.00859375 0.07890625
0 0.578125 0.33671875 0.1 0.07890625
0 0.55 0.48515625 0.021875 0.13828125
0 0.496875 0.45078125 0.04453125 0.04921875
0 0.4109375 0.440625 0.01640625 0.07421875
0 0.3640625 0.475 0.05546875 0.04453125
0 0.325 0.39609375 0.01953125 0.0890625
0 0.29453125 0.61875 0.05 0.025
0 0.15859375 0.16796875 0.0140625 0.07421875
0 0.046875 0.3515625 0.021875 0.0890625
0 0.1859375 0.36171875 0.0390625 0.0296875
0 0.20859375 0.33203125 0.01640625 0.04453125
0 0.171875 0.21796875 0.028125 0.06953125
0 0.2640625 0.440625 0.04140625 0.034375
0 0.253125 0.51015625 0.0109375 0.0296875
0 0.253125 0.54453125 0.0390625 0.0296875
0 0.646875 0.65859375 0.03359375 0.025
0 0.65546875 0.34140625 0.03359375 0.04453125
0 0.93046875 0.153125 0.05 0.059375
0 0.725 0.5 0.04140625 0.084375
0 0.675 0.4703125 0.04140625 0.09921875
0 0.60546875 0.48046875 0.05859375 0.059375
0 0.675 0.72265625 0.025 0.03984375
0 0.84140625 0.534375 0.046875 0.0296875
0 0.73046875 0.93046875 0.028125 0.04453125