0 0.27109375 0.26953125 0.12265625 0.12109375
0 0.5203125 0.0484375 0.23203125 0.08671875
0 0.7328125 0.084375 0.0828125 0.053125
0 0.728125 0.05234375 0.07265625 0.0453125
0 0.79140625 0.05703125 0.06328125 0.05859375
0 0.85390625 0.09296875 0.14375 0.09921875
0 0.86484375 0.17421875 0.13046875 0.08984375
0 0.93359375 0.04296875 0.10625 0.06875
0 0.91640625 0.26484375 0.0796875 0.0609375
0 0.94609375 0.22265625 0.06796875 0.03984375
0 0.95078125 0.16640625 0.04765625 0.0359375
0 0.77265625 0.14296875 0.0609375 0.03984375