0 0.278125 0.79921875 0.5546875 0.365625
0 0.45859375 0.571875 0.32265625 0.18203125
0 0.21484375 0.253125 0.18203125 0.14140625
0 0.725 0.465625 0.16484375 0.1203125
0 0.771875 0.74921875 0.23828125 0.23515625
0 0.4 0.3015625 0.16640625 0.11015625
0 0.60390625 0.2984375 0.19453125 0.26328125
0 0.56640625 0.4390625 0.17109375 0.096875
0 0.85703125 0.20703125 0.03125 0.11796875
0 0.83984375 0.35078125 0.03359375 0.11953125
0 0.97734375 0.3125 0.0421875 0.08046875
0 0.83203125 0.81796875 0.20703125 0.1765625