0 0.7125 0.415625 0.04609375 0.10390625
0 0.73984375 0.44296875 0.05078125 0.121875
0 0.62421875 0.3515625 0.11953125 0.08984375
0 0.84921875 0.365625 0.0375 0.08515625
0 0.83671875 0.26171875 0.02734375 0.08828125
0 0.9515625 0.4046875 0.04765625 0.10390625
0 0.75234375 0.5828125 0.10546875 0.1640625
0 0.90703125 0.75390625 0.18046875 0.15546875
0 0.58515625 0.70625 0.1359375 0.44140625
0 0.4625 0.65859375 0.1359375 0.41640625
0 0.3875 0.91796875 0.15390625 0.159375
0 0.45859375 0.22421875 0.1859375 0.128125