0 0.33359375 0.490625 0.29140625 0.35546875
0 0.36328125 0.2109375 0.13125 0.2546875
0 0.36953125 0.04375 0.0765625 0.0875
0 0.39609375 0.1015625 0.0375 0.05859375
0 0.48046875 0.103125 0.065625 0.06484375
0 0.49453125 0.209375 0.04140625 0.065625
0 0.6890625 0.4140625 0.1359375 0.2109375
0 0.60390625 0.521875 0.13359375 0.1109375
0 0.8046875 0.69921875 0.24765625 0.16875
0 0.8296875 0.234375 0.08203125 0.08515625
0 0.94609375 0.3703125 0.10234375 0.18671875
0 0.8640625 0.47890625 0.06640625 0.10546875
0 0.84609375 0.11875 0.04453125 0.05625
0 0.7953125 0.34921875 0.03515625 0.0984375
0 0.81640625 0.30078125 0.021875 0.05625
0 0.8859375 0.290625 0.0296875 0.04453125
0 0.97421875 0.29921875 0.03359375 0.0359375