0 0.3984375 0.096875 0.0515625 0.0640625
0 0.4734375 0.115625 0.059375 0.07109375
0 0.49375 0.22734375 0.04765625 0.07109375
0 0.36796875 0.04296875 0.08671875 0.0859375
0 0.39765625 0.2390625 0.16875 0.24921875
0 0.28359375 0.503125 0.30546875 0.415625
0 0.6 0.5265625 0.14921875 0.10390625
0 0.6984375 0.4265625 0.15390625 0.24609375
0 0.82421875 0.70234375 0.23671875 0.175
0 0.84609375 0.4703125 0.04609375 0.0890625
0 0.86015625 0.24140625 0.0890625 0.08125
0 0.9765625 0.38203125 0.0453125 0.13984375
0 0.79609375 0.34140625 0.03046875 0.11875
0 0.8171875 0.3015625 0.02265625 0.10390625
0 0.85625 0.12578125 0.05703125 0.0609375