0 0.44296875 0.42421875 0.2171875 0.27578125
0 0.725 0.6046875 0.16484375 0.35703125
0 0.53828125 0.546875 0.1578125 0.0859375
0 0.5890625 0.30078125 0.1953125 0.2234375
0 0.8453125 0.3171875 0.1453125 0.14921875
0 0.25390625 0.15390625 0.0625 0.15859375
0 0.39609375 0.0390625 0.04296875 0.06953125
0 0.5234375 0.09765625 0.0796875 0.05625
0 0.75546875 0.21953125 0.05625 0.07421875
0 0.89296875 0.50859375 0.04609375 0.0890625
0 0.984375 0.3234375 0.01953125 0.09609375
0 0.971875 0.21796875 0.0546875 0.0734375