0 0.81171875 0.25859375 0.37421875 0.50703125
0 0.8375 0.046875 0.31875 0.09375
0 0.65 0.07421875 0.12890625 0.1015625
0 0.61640625 0.1390625 0.09296875 0.0734375
0 0.54296875 0.1984375 0.14375 0.09140625
0 0.42578125 0.19765625 0.08125 0.06015625
0 0.4015625 0.16796875 0.05390625 0.03359375
0 0.53984375 0.1171875 0.07421875 0.05078125
0 0.4265625 0.11171875 0.0859375 0.05625
0 0.3453125 0.15390625 0.07109375 0.05546875
0 0.28828125 0.178125 0.065625 0.05390625
0 0.25546875 0.13515625 0.08671875 0.08515625
0 0.225 0.0953125 0.04921875 0.0484375
0 0.1421875 0.11328125 0.1109375 0.109375