0 0.4078125 0.9078125 0.13828125 0.18046875
0 0.47734375 0.64296875 0.14609375 0.2453125
0 0.6875 0.6359375 0.19921875 0.26328125
0 0.06328125 0.321875 0.12265625 0.21640625
0 0.58984375 0.240625 0.15234375 0.1046875
0 0.9234375 0.72890625 0.14921875 0.165625
0 0.9546875 0.50703125 0.0859375 0.0984375
0 0.6828125 0.4390625 0.1046875 0.0953125
0 0.6921875 0.3703125 0.08515625 0.06328125
0 0.81796875 0.35625 0.04375 0.08515625
0 0.82265625 0.25703125 0.02734375 0.0546875
0 0.921875 0.42890625 0.03671875 0.08359375
0 0.77578125 0.48671875 0.0671875 0.103125
0 0.946875 0.81953125 0.08359375 0.12109375
0 0.971875 0.58359375 0.05234375 0.07109375