0 0.4171875 0.8484375 0.12734375 0.2703125
0 0.08671875 0.30625 0.17109375 0.228125
0 0.71640625 0.63828125 0.175 0.2046875
0 0.5125 0.64140625 0.17421875 0.178125
0 0.6375 0.234375 0.1609375 0.1046875
0 0.93515625 0.73125 0.1296875 0.18125
0 0.6828125 0.4265625 0.07890625 0.13828125
0 0.7140625 0.37578125 0.07734375 0.065625
0 0.9390625 0.50703125 0.0640625 0.103125
0 0.76640625 0.48671875 0.03671875 0.09375
0 0.78828125 0.50546875 0.046875 0.13125
0 0.971875 0.60078125 0.05234375 0.075
0 0.8171875 0.34921875 0.0421875 0.0796875
0 0.8796875 0.46640625 0.04765625 0.059375