0 0.30234375 0.1703125 0.1125 0.18671875
0 0.353125 0.4484375 0.17890625 0.31484375
0 0.63984375 0.35390625 0.16875 0.23515625
0 0.784375 0.64453125 0.1734375 0.24921875
0 0.56953125 0.52890625 0.16484375 0.12109375
0 0.49609375 0.0984375 0.07109375 0.04609375
0 0.51953125 0.19140625 0.0484375 0.05625
0 0.79375 0.228125 0.06328125 0.06328125
0 0.91484375 0.3359375 0.1421875 0.1765625
0 0.86875 0.49140625 0.03828125 0.0953125
0 0.409375 0.08671875 0.02734375 0.05625
0 0.390625 0.0359375 0.0703125 0.06640625
0 0.978125 0.21640625 0.03671875 0.0984375
0 0.78984375 0.32890625 0.0234375 0.0984375
0 0.97734375 0.32421875 0.02734375 0.09296875
0 0.82734375 0.11875 0.04375 0.05625