0 0.13828125 0.584375 0.27578125 0.5453125
0 0.25234375 0.09375 0.08046875 0.0515625
0 0.359375 0.1265625 0.05390625 0.08671875
0 0.41875 0.18046875 0.0578125 0.06328125
0 0.6578125 0.478125 0.25390625 0.4390625
0 0.434375 0.36484375 0.03515625 0.11328125
0 0.9453125 0.7671875 0.10546875 0.265625
0 0.9734375 0.38125 0.04609375 0.15625
0 0.8390625 0.5609375 0.13046875 0.11953125
0 0.85546875 0.40078125 0.0546875 0.1296875
0 0.94375 0.15078125 0.07265625 0.0703125
0 0.978125 0.27265625 0.03359375 0.075
0 0.7921875 0.4171875 0.04765625 0.07109375
0 0.82109375 0.446875 0.03125 0.11796875