0 0.2140625 0.7578125 0.42421875 0.3546875
0 0.384375 0.540625 0.30234375 0.21328125
0 0.18203125 0.265625 0.165625 0.1265625
0 0.3328125 0.290625 0.10078125 0.07578125
0 0.5046875 0.2765625 0.25859375 0.30859375
0 0.83515625 0.33046875 0.05 0.13359375
0 0.73984375 0.73828125 0.22109375 0.31015625
0 0.68671875 0.471875 0.17265625 0.1515625
0 0.971875 0.309375 0.05078125 0.0734375
0 0.53671875 0.42421875 0.21015625 0.14609375
0 0.8609375 0.18828125 0.02734375 0.103125
0 0.67734375 0.3125 0.07890625 0.08046875
0 0.82421875 0.83828125 0.16328125 0.14296875