0 0.2046875 0.57578125 0.40859375 0.51328125
0 0.3125 0.05390625 0.09296875 0.103125
0 0.37890625 0.10703125 0.04765625 0.0703125
0 0.453125 0.140625 0.05390625 0.075
0 0.5265625 0.3484375 0.228125 0.35625
0 0.671875 0.51171875 0.0890625 0.13359375
0 0.7734375 0.52109375 0.12734375 0.18828125
0 0.89453125 0.74765625 0.16328125 0.3640625
0 0.9 0.13046875 0.06015625 0.0609375
0 0.9359375 0.26171875 0.11640625 0.12109375
0 0.978125 0.36953125 0.03984375 0.121875
0 0.83046875 0.35390625 0.0546875 0.12578125
0 0.81015625 0.36640625 0.04609375 0.11171875
0 0.821875 0.44765625 0.06953125 0.08828125
0 0.62578125 0.36796875 0.03359375 0.071875