0 0.334375 0.471875 0.23984375 0.33828125
0 0.58203125 0.52578125 0.140625 0.1
0 0.3125 0.19453125 0.13515625 0.2015625
0 0.375 0.03828125 0.05390625 0.06328125
0 0.396875 0.09609375 0.02578125 0.05078125
0 0.484375 0.10859375 0.0765625 0.059375
0 0.509375 0.196875 0.03203125 0.0734375
0 0.6625 0.37890625 0.15546875 0.2203125
0 0.79375 0.64453125 0.19140625 0.203125
0 0.78828125 0.34453125 0.04140625 0.09921875
0 0.93359375 0.37265625 0.12890625 0.1734375
0 0.86640625 0.48359375 0.05078125 0.1
0 0.8046875 0.2296875 0.07734375 0.071875
0 0.84375 0.11640625 0.03671875 0.046875