0 0.10859375 0.34921875 0.1 0.11796875
0 0.26171875 0.09921875 0.07734375 0.06015625
0 0.4609375 0.01796875 0.07890625 0.03125
0 0.6046875 0.10703125 0.14453125 0.084375
0 0.5875 0.03203125 0.07421875 0.05546875
0 0.69140625 0.17265625 0.1296875 0.0734375
0 0.65078125 0.05859375 0.08125 0.0453125
0 0.71640625 0.05703125 0.0625 0.06484375
0 0.8390625 0.08671875 0.23203125 0.15625
0 0.8078125 0.25 0.06484375 0.04453125
0 0.8734375 0.1640625 0.07890625 0.046875
0 0.94609375 0.2 0.05234375 0.0484375
0 0.9796875 0.190625 0.03046875 0.084375
0 0.9859375 0.3484375 0.02265625 0.08125
0 0.6546875 0.1453125 0.1109375 0.0390625