0 0.31875 0.790625 0.52421875 0.40546875
0 0.775 0.73125 0.20546875 0.23203125
0 0.24765625 0.24921875 0.175 0.12109375
0 0.4421875 0.3046875 0.1671875 0.1
0 0.51328125 0.58671875 0.29609375 0.17890625
0 0.61953125 0.42578125 0.15859375 0.08046875
0 0.6328125 0.32578125 0.15234375 0.20703125
0 0.7390625 0.4703125 0.1171875 0.11484375
0 0.86484375 0.8265625 0.19921875 0.16875
0 0.50625 0.865625 0.11640625 0.259375
0 0.853125 0.20703125 0.0296875 0.10390625
0 0.8453125 0.346875 0.03515625 0.1046875
0 0.98203125 0.32109375 0.03359375 0.0734375
0 0.3234375 0.30078125 0.0671875 0.05546875
0 0.15390625 0.38828125 0.053125 0.12421875