0 0.20234375 0.5484375 0.40234375 0.4703125
0 0.3328125 0.05546875 0.08359375 0.0953125
0 0.384375 0.109375 0.0484375 0.06484375
0 0.4484375 0.14375 0.04921875 0.05859375
0 0.48125 0.325 0.21171875 0.31875
0 0.6296875 0.51171875 0.15234375 0.11953125
0 0.74921875 0.4890625 0.13125 0.1984375
0 0.8765625 0.7375 0.18359375 0.29140625
0 0.91015625 0.246875 0.1078125 0.11640625
0 0.9796875 0.3578125 0.0390625 0.11015625
0 0.8296875 0.4359375 0.05859375 0.08359375
0 0.6328125 0.36171875 0.04921875 0.1
0 0.83203125 0.33671875 0.03671875 0.1234375
0 0.80078125 0.34921875 0.03515625 0.10703125
0 0.88125 0.128125 0.06015625 0.06015625