0 0.11640625 0.58359375 0.23203125 0.23515625
0 0.26484375 0.396875 0.253125 0.15546875
0 0.4453125 0.54921875 0.27265625 0.1703125
0 0.55 0.29375 0.13359375 0.08125
0 0.76796875 0.29921875 0.1296875 0.18984375
0 0.90625 0.596875 0.17734375 0.1703125
0 0.9015625 0.1421875 0.06953125 0.12890625
0 0.85625 0.31484375 0.05546875 0.0984375
0 0.94375 0.275 0.1 0.09296875
0 0.18203125 0.3078125 0.12890625 0.09375
0 0.05 0.35 0.1 0.1109375
0 0.5765625 0.8265625 0.21953125 0.34375
0 0.478125 0.77578125 0.2796875 0.15