0 0.36953125 0.30703125 0.1625 0.16328125
0 0.5859375 0.0859375 0.14296875 0.10390625
0 0.44609375 0.034375 0.1078125 0.06875
0 0.8890625 0.21328125 0.0953125 0.06640625
0 0.7515625 0.2375 0.0828125 0.05625
0 0.678125 0.2390625 0.05859375 0.04375
0 0.61796875 0.20546875 0.06015625 0.04609375
0 0.7796875 0.18125 0.1234375 0.08203125
0 0.3640625 0.1265625 0.06328125 0.0640625
0 0.4671875 0.14453125 0.06953125 0.05625
0 0.9359375 0.1625 0.1078125 0.08046875
0 0.6328125 0.28828125 0.053125 0.08671875
0 0.1828125 0.16171875 0.0453125 0.06171875
0 0.221875 0.13984375 0.05859375 0.04921875