0 0.0640625 0.5296875 0.11953125 0.4703125
0 0.1984375 0.08125 0.15703125 0.153125
0 0.35390625 0.12734375 0.05703125 0.09140625
0 0.3984375 0.2109375 0.05390625 0.05625
0 0.7359375 0.58671875 0.253125 0.47109375
0 0.9328125 0.8140625 0.12734375 0.178125
0 0.88515625 0.5921875 0.11328125 0.125
0 0.9359375 0.4140625 0.12265625 0.1640625
0 0.81875 0.47890625 0.03671875 0.12890625
0 0.42109375 0.421875 0.025 0.10390625
0 0.9609375 0.159375 0.06640625 0.075
0 0.86328125 0.40859375 0.06328125 0.13359375
0 0.43828125 0.36015625 0.01484375 0.06875
0 0.7453125 0.40390625 0.028125 0.08359375