0 0.14296875 0.18671875 0.14609375 0.1484375
0 0.2015625 0.12421875 0.07734375 0.06015625
0 0.240625 0.21875 0.05703125 0.04453125
0 0.87421875 0.446875 0.24765625 0.22890625
0 0.2578125 0.1046875 0.0421875 0.059375
0 0.38203125 0.115625 0.11171875 0.07109375
0 0.37109375 0.0859375 0.0828125 0.034375
0 0.36953125 0.19765625 0.0625 0.046875
0 0.6 0.11484375 0.09765625 0.06640625
0 0.71640625 0.03046875 0.146875 0.05625
0 0.8140625 0.31875 0.06953125 0.053125
0 0.96953125 0.30390625 0.05625 0.06953125
0 0.846875 0.265625 0.08515625 0.05390625
0 0.79296875 0.23125 0.07109375 0.0515625
0 0.75234375 0.16875 0.10546875 0.07109375
0 0.93203125 0.14296875 0.13203125 0.11640625
0 0.6734375 0.13671875 0.07734375 0.05546875
0 0.7703125 0.309375 0.04453125 0.0453125