0 0.69296875 0.29453125 0.07578125 0.06171875
0 0.82421875 0.25390625 0.10390625 0.06484375
0 0.92890625 0.28046875 0.06484375 0.05390625
0 0.03984375 0.22109375 0.06875 0.115625
0 0.10859375 0.1640625 0.04765625 0.065625
0 0.1515625 0.1390625 0.04921875 0.04453125
0 0.50625 0.3296875 0.24453125 0.190625
0 0.8671875 0.2 0.1140625 0.08515625
0 0.96171875 0.22109375 0.0765625 0.06015625
0 0.69609375 0.1015625 0.16015625 0.128125
0 0.73515625 0.25078125 0.07109375 0.04609375
0 0.671875 0.21328125 0.0671875 0.04140625
0 0.521875 0.028125 0.12890625 0.053125
0 0.4390625 0.11796875 0.08671875 0.06015625
0 0.6015625 0.13125 0.090625 0.05625
0 0.80859375 0.134375 0.06484375 0.05625
0 0.228125 0.14296875 0.0625 0.06328125
0 0.5234375 0.1421875 0.07421875 0.0578125