0 0.74765625 0.653125 0.159375 0.32890625
0 0.559375 0.5421875 0.12578125 0.1234375
0 0.41328125 0.43828125 0.17890625 0.30390625
0 0.2828125 0.159375 0.07890625 0.165625
0 0.38984375 0.034375 0.05234375 0.065625
0 0.5078125 0.09921875 0.07734375 0.04921875
0 0.61328125 0.33359375 0.17734375 0.20546875
0 0.86015625 0.32734375 0.15390625 0.15625
0 0.76875 0.2234375 0.06328125 0.065625
0 0.97890625 0.321875 0.03515625 0.10625
0 0.89296875 0.509375 0.05546875 0.09453125
0 0.97265625 0.221875 0.05078125 0.06953125