0 0.04921875 0.30625 0.09296875 0.1515625
0 0.2234375 0.165625 0.19296875 0.1765625
0 0.3265625 0.0984375 0.07890625 0.075
0 0.42890625 0.209375 0.078125 0.05
0 0.46171875 0.171875 0.06640625 0.0453125
0 0.515625 0.109375 0.1546875 0.0859375
0 0.45546875 0.08046875 0.096875 0.0609375
0 0.89140625 0.3421875 0.08515625 0.053125
0 0.86015625 0.31484375 0.0765625 0.03125
0 0.7375 0.24453125 0.07109375 0.05078125
0 0.91015625 0.2734375 0.08515625 0.0484375
0 0.8671875 0.24296875 0.08203125 0.04296875
0 0.9640625 0.2109375 0.05703125 0.04296875
0 0.96015625 0.16953125 0.07109375 0.040625
0 0.84765625 0.18515625 0.10078125 0.06875
0 0.63984375 0.221875 0.06015625 0.0453125
0 0.73046875 0.1234375 0.14453125 0.08359375
0 0.8390625 0.04453125 0.15703125 0.0765625