0 0.8625 0.5734375 0.11953125 0.12578125
0 0.86875 0.4203125 0.06015625 0.13125
0 0.81796875 0.45234375 0.03984375 0.115625
0 0.96015625 0.15546875 0.06328125 0.07109375
0 0.95390625 0.3859375 0.0875 0.1765625
0 0.41875 0.1921875 0.0515625 0.06015625
0 0.3703125 0.121875 0.05078125 0.08828125
0 0.22578125 0.0734375 0.1296875 0.140625
0 0.11328125 0.5828125 0.2265625 0.525
0 0.4390625 0.3765625 0.06328125 0.16171875
0 0.7078125 0.515625 0.24921875 0.48125
0 0.93203125 0.81015625 0.13359375 0.21484375
0 0.9140625 0.27265625 0.02421875 0.06796875