0 0.121875 0.5 0.021875 0.03984375
0 0.30546875 0.51953125 0.0609375 0.07421875
0 0.18359375 0.46015625 0.046875 0.0640625
0 0.1890625 0.5 0.0609375 0.059375
0 0.20546875 0.57890625 0.046875 0.04921875
0 0.328125 0.63359375 0.0390625 0.0546875
0 0.3390625 0.60859375 0.021875 0.01953125
0 0.36640625 0.65859375 0.0390625 0.06953125
0 0.3890625 0.65859375 0.025 0.0296875
0 0.3890625 0.60390625 0.0109375 0.025
0 0.38046875 0.559375 0.05546875 0.034375
0 0.4390625 0.60390625 0.053125 0.07421875
0 0.503125 0.57890625 0.028125 0.059375
0 0.521875 0.64375 0.021875 0.034375
0 0.56953125 0.69296875 0.03046875 0.0296875
0 0.51640625 0.7625 0.03046875 0.0546875
0 0.425 0.69765625 0.01640625 0.01484375