0 0.1640625 0.4359375 0.05 0.06953125
0 0.171875 0.48515625 0.053125 0.0546875
0 0.125 0.48515625 0.04140625 0.04453125
0 0.1859375 0.559375 0.0390625 0.03984375
0 0.28359375 0.48984375 0.05859375 0.06953125
0 0.33359375 0.5640625 0.06953125 0.03984375
0 0.421875 0.57890625 0.053125 0.07421875
0 0.49140625 0.5640625 0.025 0.04453125
0 0.5140625 0.62890625 0.025 0.04453125
0 0.55546875 0.678125 0.025 0.034375
0 0.65859375 0.66328125 0.028125 0.03984375
0 0.50546875 0.7375 0.03046875 0.0546875
0 0.41953125 0.703125 0.0140625 0.01484375
0 0.371875 0.66328125 0.0359375 0.01953125
0 0.34453125 0.6234375 0.021875 0.03984375
0 0.31953125 0.6140625 0.0359375 0.0546875
0 0.38359375 0.60390625 0.025 0.04453125