0 0.071875 0.30703125 0.096875 0.11875
0 0.0390625 0.1828125 0.028125 0.10390625
0 0.03046875 0.559375 0.05859375 0.03984375
0 0.1609375 0.46015625 0.05546875 0.06953125
0 0.221875 0.534375 0.05546875 0.0296875
0 0.2390625 0.48984375 0.028125 0.059375
0 0.2359375 0.40625 0.03046875 0.06953125
0 0.2390625 0.346875 0.025 0.059375
0 0.278125 0.37109375 0.0390625 0.0890625
0 0.3109375 0.33671875 0.03046875 0.0890625
0 0.421875 0.36640625 0.01953125 0.084375
0 0.4390625 0.42578125 0.01953125 0.0640625
0 0.5 0.48984375 0.03359375 0.09921875
0 0.521875 0.45078125 0.03359375 0.0890625
0 0.5390625 0.6734375 0.0109375 0.04921875
0 0.475 0.6484375 0.01953125 0.06953125
0 0.40859375 0.61875 0.03046875 0.07890625
0 0.38046875 0.584375 0.0140625 0.0546875
0 0.35859375 0.5296875 0.00546875 0.034375
0 0.325 0.53984375 0.00859375 0.06953125
0 0.2859375 0.45546875 0.06953125 0.07890625
0 0.3 0.57421875 0.028125 0.084375
0 0.246875 0.60859375 0.025 0.04921875
0 0.38046875 0.6734375 0.06640625 0.0546875
0 0.346875 0.57421875 0.01953125 0.034375
0 0.36953125 0.63359375 0.0109375 0.0296875
0 0.3 0.64375 0.01953125 0.025
0 0.4359375 0.66796875 0.03046875 0.01953125