0 0.046875 0.2578125 0.0890625 0.14375
0 0.01953125 0.11875 0.03046875 0.1484375
0 0.125 0.42109375 0.05546875 0.07421875
0 0.221875 0.39140625 0.08046875 0.10859375
0 0.071875 0.60859375 0.03359375 0.04921875
0 0.171875 0.51953125 0.071875 0.04453125
0 0.1859375 0.48984375 0.03359375 0.04453125
0 0.221875 0.45546875 0.0359375 0.0640625
0 0.28046875 0.51953125 0.05 0.084375
0 0.23046875 0.57890625 0.03046875 0.034375
0 0.20546875 0.61875 0.04453125 0.04921875
0 0.2890625 0.62890625 0.01953125 0.03984375
0 0.346875 0.66328125 0.0640625 0.0546875
0 0.2140625 0.3265625 0.025 0.059375
0 0.228125 0.30703125 0.03359375 0.07421875
0 0.253125 0.30234375 0.04140625 0.10859375
0 0.29453125 0.27734375 0.028125 0.084375
0 0.40546875 0.30234375 0.01640625 0.09375
0 0.428125 0.3859375 0.028125 0.0640625
0 0.478125 0.440625 0.0390625 0.11875
0 0.50859375 0.39140625 0.0390625 0.084375
0 0.4640625 0.60390625 0.01953125 0.06953125
0 0.5390625 0.6484375 0.0140625 0.06953125
0 0.39140625 0.56953125 0.021875 0.07890625
0 0.36953125 0.54921875 0.0140625 0.0546875
0 0.353125 0.5 0.0109375 0.04921875
0 0.321875 0.5 0.0109375 0.059375
0 0.34140625 0.5546875 0.0140625 0.04921875
0 0.36953125 0.6140625 0.00546875 0.01953125
0 0.4140625 0.66328125 0.0390625 0.01015625
0 0.40546875 0.6484375 0.025 0.01953125
0 0.43359375 0.703125 0.03046875 0.0546875