0 0.15859375 0.4453125 0.06953125 0.2375
0 0.225 0.38125 0.05 0.153125
0 0.321875 0.39140625 0.00859375 0.07890625
0 0.33359375 0.39140625 0.0109375 0.11875
0 0.35546875 0.42578125 0.021875 0.12890625
0 0.446875 0.2578125 0.0359375 0.178125
0 0.45859375 0.35625 0.01640625 0.11875
0 0.56953125 0.296875 0.0359375 0.1140625
0 0.353125 0.153125 0.0140625 0.07890625
0 0.45546875 0.59375 0.00859375 0.084375
0 0.45546875 0.5640625 0.04140625 0.059375
0 0.48359375 0.69765625 0.05 0.04921875
0 0.3 0.62890625 0.021875 0.06953125
0 0.275 0.63828125 0.01953125 0.04453125
0 0.13359375 0.60859375 0.05859375 0.0296875
0 0.128125 0.2625 0.0390625 0.10390625
0 0.103125 0.11875 0.028125 0.11875
0 0.0390625 0.27265625 0.03359375 0.10859375
0 0.31640625 0.13828125 0.0140625 0.13359375
0 0.39140625 0.059375 0.021875 0.059375
0 0.246875 0.25234375 0.03046875 0.09375
0 0.25 0.51484375 0.021875 0.059375
0 0.128125 0.51015625 0.028125 0.04453125
0 0.375 0.66796875 0.0109375 0.0640625
0 0.3390625 0.6140625 0.0109375 0.059375
0 0.3359375 0.5640625 0.0140625 0.04453125
0 0.36953125 0.5046875 0.0109375 0.034375
0 0.2390625 0.5890625 0.0109375 0.025
0 0.20546875 0.5640625 0.01953125 0.03984375
0 0.196875 0.59921875 0.01640625 0.04453125
0 0.278125 0.59375 0.00859375 0.0296875
0 0.26953125 0.48984375 0.00546875 0.034375
0 0.25546875 0.46015625 0.0109375 0.04921875
0 0.4359375 0.59375 0.0109375 0.06953125