0 0.09453125 0.2078125 0.14453125 0.0546875
0 0.49140625 0.16796875 0.0109375 0.084375
0 0.48046875 0.13828125 0.0109375 0.09375
0 0.39453125 0.33671875 0.04140625 0.04453125
0 0.3609375 0.2671875 0.05546875 0.034375
0 0.378125 0.19296875 0.03359375 0.03984375
0 0.38046875 0.09921875 0.04140625 0.01953125
0 0.2640625 0.153125 0.03359375 0.01953125
0 0.20546875 0.16796875 0.025 0.0296875
0 0.246875 0.0890625 0.04140625 0.04453125
0 0.2390625 0.0640625 0.05546875 0.025
0 0.2140625 0.04453125 0.01640625 0.025