0 0.75859375 0.465625 0.2 0.19765625
0 0.66640625 0.5546875 0.16640625 0.18828125
0 0.44140625 0.45546875 0.11953125 0.27734375
0 0.34453125 0.30703125 0.075 0.0890625
0 0.86640625 0.1484375 0.078125 0.04921875
0 0.678125 0.19765625 0.0390625 0.04453125
0 0.571875 0.30703125 0.03359375 0.04921875
0 0.0890625 0.60390625 0.03359375 0.2125
0 0.428125 0.88125 0.01953125 0.1828125
0 0.16953125 0.83203125 0.0859375 0.084375
0 0.16953125 0.703125 0.053125 0.0890625
0 0.05859375 0.7625 0.071875 0.0546875
0 0.278125 0.7921875 0.01640625 0.04453125
0 0.23359375 0.93046875 0.04453125 0.0546875
0 0.36640625 0.92109375 0.121875 0.0640625
0 0.575 0.11875 0.0390625 0.025
0 0.196875 0.178125 0.0609375 0.04921875
0 0.1859375 0.2875 0.01640625 0.07421875
0 0.2109375 0.04921875 0.01640625 0.034375
0 0.4109375 0.21796875 0.0140625 0.0546875
0 0.4359375 0.19296875 0.01640625 0.0546875
0 0.425 0.18828125 0.01640625 0.01015625
0 0.61953125 0.1140625 0.028125 0.025
0 0.396875 0.07421875 0.01640625 0.01953125
0 0.878125 0.03984375 0.021875 0.01953125
0 0.88046875 0.53984375 0.0390625 0.01484375
0 0.9359375 0.5640625 0.04453125 0.01484375
0 0.96640625 0.796875 0.0640625 0.04453125
0 0.96953125 0.915625 0.0609375 0.04453125
0 0.8609375 0.8859375 0.021875 0.09375
0 0.74453125 0.89140625 0.05 0.025
0 0.6 0.559375 0.03359375 0.0296875
0 0.4890625 0.3859375 0.03046875 0.01484375
0 0.33046875 0.5640625 0.00859375 0.025
0 0.278125 0.3859375 0.0109375 0.0546875
0 0.15546875 0.415625 0.01953125 0.059375
0 0.071875 0.40078125 0.01953125 0.059375
0 0.0609375 0.203125 0.021875 0.034375
0 0.15546875 0.04921875 0.0109375 0.034375
0 0.121875 0.04921875 0.00546875 0.034375
0 0.55859375 0.2375 0.028125 0.01015625
0 0.55546875 0.53984375 0.0359375 0.01953125
0 0.68046875 0.7921875 0.03359375 0.01953125
0 0.0609375 0.60390625 0.04453125 0.0296875
0 0.03359375 0.534375 0.025 0.03984375
0 0.071875 0.5 0.0359375 0.03984375
0 0.09453125 0.465625 0.0109375 0.059375