0 0.3109375 0.31171875 0.1 0.296875
0 0.496875 0.45546875 0.1109375 0.2125
0 0.91953125 0.66328125 0.15546875 0.11875
0 0.878125 0.22734375 0.071875 0.04921875
0 0.878125 0.04921875 0.0359375 0.03984375
0 0.7859375 0.059375 0.0390625 0.034375
0 0.6140625 0.27265625 0.0359375 0.07890625
0 0.5640625 0.296875 0.025 0.07421875
0 0.5890625 0.13359375 0.0359375 0.0296875
0 0.61640625 0.1234375 0.025 0.034375
0 0.39140625 0.07421875 0.0140625 0.03984375
0 0.15546875 0.19296875 0.05859375 0.0296875
0 0.203125 0.1828125 0.0140625 0.03984375
0 0.653125 0.68828125 0.05859375 0.0546875
0 0.44453125 0.7125 0.06640625 0.1828125
0 0.34453125 0.57421875 0.04140625 0.01953125
0 0.06640625 0.5546875 0.05546875 0.18828125
0 0.103125 0.72734375 0.075 0.10390625
0 0.30546875 0.9109375 0.05546875 0.03984375
0 0.2609375 0.90625 0.03046875 0.06953125
0 0.83046875 0.96015625 0.075 0.04453125
0 0.796875 0.9109375 0.05546875 0.01953125
0 0.8890625 0.57421875 0.04140625 0.01953125
0 0.85 0.62890625 0.046875 0.0296875
0 0.91953125 0.59921875 0.046875 0.01953125
0 0.6109375 0.60859375 0.03046875 0.025
0 0.48046875 0.584375 0.01640625 0.025
0 0.6359375 0.7921875 0.0359375 0.0296875
0 0.7359375 0.59375 0.028125 0.01484375
0 0.421875 0.2078125 0.0109375 0.01953125
0 0.4140625 0.2875 0.025 0.04453125
0 0.3859375 0.34140625 0.01640625 0.04921875
0 0.30859375 0.86171875 0.025 0.03984375
0 0.125 0.415625 0.0390625 0.07890625
0 0.24140625 0.28203125 0.0609375 0.10390625
0 0.19453125 0.2875 0.01640625 0.06953125
0 0.0609375 0.1734375 0.03359375 0.06953125
0 0.025 0.321875 0.0359375 0.059375
0 0.05859375 0.35625 0.0390625 0.059375
0 0.025 0.5 0.04140625 0.04921875
0 0.025 0.5890625 0.0390625 0.07421875
0 0.10859375 0.5296875 0.01640625 0.059375
0 0.0859375 0.4109375 0.025 0.0546875
0 0.253125 0.3765625 0.01953125 0.034375