0 0.24453125 0.59375 0.103125 0.18828125
0 0.25859375 0.38125 0.053125 0.07890625
0 0.775 0.653125 0.1640625 0.12890625
0 0.94453125 0.75234375 0.10546875 0.13359375
0 0.96640625 0.43046875 0.05859375 0.06953125
0 0.93359375 0.1140625 0.13046875 0.16796875
0 0.7859375 0.24765625 0.021875 0.1140625
0 0.53359375 0.69296875 0.053125 0.14375
0 0.38046875 0.81171875 0.053125 0.14375
0 0.3140625 0.7578125 0.078125 0.07421875
0 0.15 0.88125 0.13046875 0.12890625
0 0.21640625 0.2375 0.04140625 0.07890625
0 0.36953125 0.27265625 0.01953125 0.11875
0 0.3109375 0.33671875 0.0109375 0.0296875
0 0.75859375 0.12890625 0.0359375 0.01953125
0 0.65 0.31171875 0.0140625 0.04921875
0 0.8109375 0.2671875 0.04140625 0.025
0 0.575 0.53984375 0.03046875 0.0296875
0 0.63359375 0.75234375 0.028125 0.07890625
0 0.671875 0.93046875 0.03046875 0.07421875
0 0.5359375 0.98515625 0.09140625 0.0296875
0 0.44453125 0.2671875 0.028125 0.01484375
0 0.475 0.24765625 0.025 0.01484375
0 0.29453125 0.22265625 0.0109375 0.0640625
0 0.3109375 0.2921875 0.0109375 0.03984375
0 0.1390625 0.27265625 0.05546875 0.07421875
0 0.11640625 0.19296875 0.03359375 0.09921875
0 0.08359375 0.33203125 0.0390625 0.0640625
0 0.125 0.39609375 0.0140625 0.04453125
0 0.321875 0.534375 0.025 0.06953125
0 0.025 0.296875 0.04140625 0.025
0 0.0609375 0.3171875 0.05859375 0.034375
0 0.0890625 0.2671875 0.046875 0.025
0 0.15859375 0.15859375 0.0359375 0.03984375
0 0.196875 0.678125 0.025 0.0546875
0 0.29140625 0.475 0.0109375 0.04453125
0 0.3359375 0.3171875 0.0109375 0.0296875
0 0.275 0.27265625 0.0140625 0.03984375
0 0.91640625 0.22265625 0.0390625 0.01953125
0 0.528125 0.3859375 0.01953125 0.0296875