0 0.628125 0.5046875 0.178125 0.2125
0 0.63359375 0.72265625 0.175 0.1734375
0 0.646875 0.2375 0.0359375 0.13828125
0 0.95 0.2671875 0.09453125 0.0890625
0 0.975 0.534375 0.05 0.04921875
0 0.74453125 0.51953125 0.08359375 0.06953125
0 0.346875 0.51015625 0.04453125 0.13359375
0 0.0640625 0.46015625 0.0609375 0.11875
0 0.14140625 0.33203125 0.0609375 0.0640625
0 0.053125 0.2578125 0.04140625 0.07421875
0 0.04140625 0.13828125 0.0359375 0.0640625
0 0.10859375 0.15859375 0.03359375 0.09375
0 0.3109375 0.19765625 0.01640625 0.10390625
0 0.26953125 0.30234375 0.01953125 0.034375
0 0.25859375 0.42578125 0.0109375 0.09921875
0 0.2109375 0.64375 0.01640625 0.1484375
0 0.11953125 0.54453125 0.028125 0.0640625
0 0.51640625 0.846875 0.04453125 0.0890625
0 0.325 0.9453125 0.0890625 0.034375
0 0.29140625 0.7625 0.075 0.03984375
0 0.4859375 0.45546875 0.01640625 0.0546875
0 0.546875 0.25234375 0.01953125 0.0546875
0 0.75859375 0.25234375 0.025 0.04921875
0 0.03359375 0.2625 0.025 0.07890625
0 0.046875 0.2921875 0.05546875 0.01953125
0 0.03359375 0.4359375 0.0359375 0.0546875
0 0.25 0.16328125 0.00546875 0.0640625
0 0.3140625 0.30234375 0.021875 0.01953125
0 0.35546875 0.22265625 0.01953125 0.04453125
0 0.4640625 0.2078125 0.01953125 0.01484375
0 0.58046875 0.83203125 0.00859375 0.059375
0 0.5859375 0.678125 0.04453125 0.03984375
0 0.703125 0.7421875 0.00859375 0.0296875
0 0.678125 0.5890625 0.01953125 0.04921875
0 0.7 0.2125 0.028125 0.01953125
0 0.875 0.22734375 0.0359375 0.025
0 0.81640625 0.584375 0.00546875 0.0640625
0 0.475 0.98515625 0.078125 0.025
0 0.45546875 0.3765625 0.01953125 0.01484375