0 0.4390625 0.1140625 0.02890625 0.10859375
0 0.61171875 0.16875 0.03515625 0.1015625
0 0.85859375 0.1671875 0.20859375 0.17109375
0 0.70078125 0.28046875 0.05703125 0.0890625
0 0.51171875 0.28828125 0.02265625 0.08359375
0 0.703125 0.340625 0.03046875 0.0515625
0 0.92578125 0.3484375 0.11328125 0.10078125
0 0.46484375 0.3671875 0.0390625 0.09140625
0 0.8390625 0.41875 0.0765625 0.10703125
0 0.953125 0.41328125 0.09296875 0.11953125
0 0.6234375 0.43359375 0.03125 0.04921875
0 0.69375 0.43671875 0.0671875 0.059375
0 0.859375 0.44921875 0.04609375 0.05
0 0.95234375 0.41953125 0.09453125 0.1140625
0 0.675 0.53203125 0.03984375 0.05859375