0 0.95703125 0.13828125 0.08515625 0.16875
0 0.45390625 0.171875 0.0359375 0.10859375
0 0.515625 0.2046875 0.05234375 0.13125
0 0.75078125 0.2828125 0.01953125 0.08515625
0 0.68125 0.41328125 0.0546875 0.1265625
0 0.72890625 0.4203125 0.02265625 0.05390625
0 0.825 0.4234375 0.0546875 0.0953125
0 0.78125 0.40546875 0.03203125 0.0796875
0 0.69375 0.4265625 0.03125 0.08515625
0 0.63359375 0.46640625 0.03984375 0.08359375
0 0.665625 0.45234375 0.02734375 0.06171875
0 0.62890625 0.48046875 0.03046875 0.05546875