0 0.43671875 0.1359375 0.034375 0.096875
0 0.45703125 0.23125 0.12109375 0.09375
0 0.45703125 0.19765625 0.12265625 0.18203125
0 0.9484375 0.2234375 0.10234375 0.2046875
0 0.3375 0.2921875 0.0328125 0.0953125
0 0.9921875 0.334375 0.01484375 0.05
0 0.61015625 0.35390625 0.03203125 0.0609375
0 0.490625 0.39921875 0.02734375 0.065625
0 0.96953125 0.390625 0.059375 0.065625
0 0.746875 0.41640625 0.06484375 0.10625
0 0.74765625 0.41484375 0.06640625 0.10390625
0 0.74765625 0.43515625 0.06640625 0.1484375