0 0.46875 0.06640625 0.03515625 0.13203125
0 0.6453125 0.134375 0.05859375 0.13203125
0 0.93828125 0.16796875 0.12265625 0.17109375
0 0.7265625 0.265625 0.0484375 0.0984375
0 0.5078125 0.271875 0.03515625 0.1109375
0 0.95625 0.33359375 0.0859375 0.10546875
0 0.4578125 0.35078125 0.03359375 0.07890625
0 0.61484375 0.38828125 0.0171875 0.05
0 0.85546875 0.40546875 0.09140625 0.11328125
0 0.9796875 0.40625 0.0390625 0.05859375
0 0.6515625 0.41640625 0.0484375 0.0453125
0 0.703125 0.421875 0.03984375 0.059375
0 0.88828125 0.43046875 0.04921875 0.06640625
0 0.821875 0.4359375 0.02578125 0.0546875
0 0.61875 0.46796875 0.03359375 0.06796875
0 0.925 0.44765625 0.0359375 0.0640625
0 0.61875 0.46953125 0.03359375 0.06484375
0 0.70859375 0.525 0.03984375 0.04609375