0 0.9453125 0.053125 0.10859375 0.10625
0 0.890625 0.1859375 0.115625 0.16171875
0 0.446875 0.21328125 0.02265625 0.078125
0 0.48125 0.24921875 0.03046875 0.115625
0 0.74609375 0.30078125 0.021875 0.071875
0 0.65546875 0.39296875 0.03515625 0.06640625
0 0.98203125 0.4 0.03515625 0.11328125
0 0.70546875 0.44921875 0.04140625 0.10390625
0 0.809375 0.42421875 0.06328125 0.08203125
0 0.625 0.48046875 0.04140625 0.084375
0 0.70546875 0.45390625 0.04140625 0.09375
0 0.6984375 0.46328125 0.05234375 0.07890625
0 0.625 0.48046875 0.0390625 0.08125