0 0.46640625 0.05625 0.0390625 0.1125
0 0.703125 0.1234375 0.12421875 0.16484375
0 0.75390625 0.2609375 0.05546875 0.12578125
0 0.48359375 0.28671875 0.0359375 0.075
0 0.75 0.2 0.06640625 0.2984375
0 0.9875 0.3546875 0.02421875 0.08125
0 0.89375 0.3765625 0.06328125 0.06328125
0 0.6171875 0.38125 0.0375 0.04375
0 0.66796875 0.41640625 0.02421875 0.05078125
0 0.91171875 0.42421875 0.04921875 0.07109375
0 0.74140625 0.42578125 0.04453125 0.059375
0 0.82890625 0.43515625 0.01796875 0.06875
0 0.953125 0.45078125 0.04609375 0.06796875
0 0.63046875 0.4359375 0.065625 0.14921875
0 0.634375 0.478125 0.03359375 0.046875
0 0.728125 0.52578125 0.02734375 0.053125