0 0.5328125 0.0328125 0.06328125 0.065625
0 0.4390625 0.165625 0.0703125 0.11328125
0 0.58671875 0.21015625 0.05 0.090625
0 0.74296875 0.18828125 0.18046875 0.1765625
0 0.66953125 0.3109375 0.04453125 0.0796875
0 0.86328125 0.3734375 0.08828125 0.090625
0 0.48125 0.40546875 0.0421875 0.08515625
0 0.7984375 0.43125 0.04140625 0.11015625
0 0.93203125 0.4296875 0.10546875 0.11328125
0 0.66953125 0.45078125 0.02734375 0.05546875
0 0.7984375 0.459375 0.01796875 0.05703125
0 0.84453125 0.46484375 0.040625 0.0515625
0 0.64609375 0.5359375 0.034375 0.04921875