0 0.596875 0.3859375 0.246875 0.2125
0 0.74453125 0.45546875 0.1 0.04453125
0 0.53046875 0.6140625 0.046875 0.19296875
0 0.5890625 0.56953125 0.078125 0.07421875
0 0.703125 0.66796875 0.0390625 0.0546875
0 0.303125 0.10859375 0.03359375 0.153125
0 0.2859375 0.12890625 0.03046875 0.084375
0 0.24140625 0.0640625 0.0140625 0.07421875
0 0.13359375 0.27734375 0.046875 0.21796875
0 0.01953125 0.2421875 0.0359375 0.10859375
0 0.0109375 0.04921875 0.01953125 0.025
0 0.58046875 0.059375 0.01640625 0.0546875
0 0.753125 0.059375 0.0390625 0.04453125
0 0.8640625 0.0640625 0.04453125 0.059375
0 0.96640625 0.1140625 0.025 0.03984375
0 0.8859375 0.40078125 0.0109375 0.09921875
0 0.90859375 0.584375 0.01640625 0.07421875
0 0.871875 0.703125 0.0390625 0.0546875
0 0.775 0.64375 0.0109375 0.059375
0 0.60546875 0.85625 0.05 0.034375
0 0.6640625 0.95078125 0.04453125 0.09375
0 0.80859375 0.96015625 0.05546875 0.07890625
0 0.80859375 0.83203125 0.046875 0.04453125
0 0.3609375 0.703125 0.08359375 0.04921875
0 0.221875 0.81171875 0.04140625 0.1234375
0 0.4140625 0.95546875 0.1 0.03984375
0 0.5109375 0.75234375 0.021875 0.03984375
0 0.8640625 0.88125 0.01953125 0.04453125
0 0.84140625 0.24765625 0.01640625 0.059375
0 0.79453125 0.22734375 0.0109375 0.04921875
0 0.753125 0.1140625 0.0109375 0.03984375
0 0.671875 0.13828125 0.00859375 0.04453125
0 0.5859375 0.2578125 0.06640625 0.0296875
0 0.44140625 0.2875 0.03046875 0.04453125
0 0.271875 0.296875 0.00859375 0.04453125
0 0.3640625 0.2328125 0.021875 0.0296875
0 0.38046875 0.38125 0.00859375 0.04921875
0 0.43046875 0.38125 0.0109375 0.04453125
0 0.3359375 0.6734375 0.0109375 0.0546875
0 0.09140625 0.678125 0.025 0.0296875
0 0.9 0.90625 0.05546875 0.059375
0 0.778125 0.9109375 0.03359375 0.04921875
0 0.7140625 0.83671875 0.0109375 0.0640625
0 0.30546875 0.36640625 0.021875 0.025
0 0.28046875 0.30234375 0.0140625 0.03984375
0 0.19453125 0.296875 0.01953125 0.034375