0 0.05546875 0.2078125 0.10859375 0.24765625
0 0.59140625 0.2125 0.075 0.14375
0 0.50546875 0.62890625 0.15859375 0.09375
0 0.4890625 0.846875 0.16640625 0.07890625
0 0.8 0.66328125 0.09453125 0.11875
0 0.70546875 0.4953125 0.025 0.1484375
0 0.7640625 0.3171875 0.053125 0.06953125
0 0.903125 0.28203125 0.03046875 0.07421875
0 0.3890625 0.2625 0.021875 0.1234375
0 0.221875 0.5 0.1 0.07890625
0 0.153125 0.6828125 0.1 0.059375
0 0.10546875 0.69296875 0.028125 0.0296875
0 0.31953125 0.69765625 0.0640625 0.07421875
0 0.4609375 0.7375 0.06953125 0.04921875
0 0.478125 0.69765625 0.04453125 0.0296875
0 0.28359375 0.8265625 0.05546875 0.06953125
0 0.18046875 0.8515625 0.025 0.0890625
0 0.4109375 0.78203125 0.04453125 0.04921875
0 0.81953125 0.92109375 0.0359375 0.11875
0 0.76953125 0.93046875 0.03359375 0.04921875
0 0.83359375 0.7875 0.01953125 0.0640625
0 0.9609375 0.69296875 0.0390625 0.07421875
0 0.953125 0.51015625 0.0390625 0.07890625
0 0.93046875 0.4703125 0.03359375 0.084375
0 0.83359375 0.45078125 0.0390625 0.0546875
0 0.83046875 0.559375 0.04453125 0.0890625
0 0.771875 0.60390625 0.025 0.04453125
0 0.9140625 0.81171875 0.05 0.025
0 0.88046875 0.96015625 0.05 0.0296875
0 0.1390625 0.465625 0.05546875 0.04453125
0 0.075 0.5 0.0140625 0.07421875
0 0.478125 0.321875 0.0359375 0.04453125
0 0.525 0.30703125 0.028125 0.04453125
0 0.596875 0.06953125 0.01640625 0.06953125
0 0.6640625 0.07421875 0.0109375 0.034375
0 0.76640625 0.13359375 0.0140625 0.04453125
0 0.79453125 0.10390625 0.01953125 0.06953125
0 0.8859375 0.16328125 0.025 0.04453125
0 0.91640625 0.04921875 0.00859375 0.03984375
0 0.9609375 0.10390625 0.0109375 0.04921875
0 0.975 0.33203125 0.0109375 0.059375
0 0.428125 0.36171875 0.01640625 0.03984375
0 0.375 0.3265625 0.03359375 0.025
0 0.253125 0.14375 0.04140625 0.04453125
0 0.30546875 0.0546875 0.0109375 0.03984375
0 0.225 0.04921875 0.01640625 0.03984375
0 0.103125 0.0546875 0.01640625 0.03984375
0 0.05546875 0.153125 0.021875 0.084375
0 0.09140625 0.2078125 0.00859375 0.07421875
0 0.21953125 0.3265625 0.0109375 0.0546875
0 0.25 0.2671875 0.03359375 0.025
0 0.2859375 0.3515625 0.01640625 0.025
0 0.375 0.31171875 0.025 0.025
0 0.04453125 0.534375 0.01953125 0.059375
0 0.06640625 0.5296875 0.028125 0.0296875
0 0.54140625 0.8265625 0.05 0.034375
0 0.571875 0.85625 0.03359375 0.09921875