0 0.496875 0.6234375 0.13359375 0.10859375
0 0.76953125 0.559375 0.075 0.15859375
0 0.56953125 0.36640625 0.0359375 0.15859375
0 0.71640625 0.21796875 0.01953125 0.11875
0 0.85546875 0.22734375 0.028125 0.084375
0 0.275 0.2328125 0.03359375 0.11875
0 0.203125 0.59921875 0.09453125 0.07421875
0 0.3859375 0.61875 0.06640625 0.0640625
0 0.5109375 0.93046875 0.11640625 0.1234375
0 0.74140625 0.84140625 0.0390625 0.14375
0 0.15 0.525 0.071875 0.034375
0 0.0140625 0.07421875 0.025 0.084375
0 0.49140625 0.059375 0.0140625 0.059375
0 0.50546875 0.04453125 0.00859375 0.0296875
0 0.70546875 0.09921875 0.01640625 0.059375
0 0.728125 0.07421875 0.00859375 0.07421875
0 0.81953125 0.09921875 0.028125 0.0296875
0 0.903125 0.06953125 0.0359375 0.0546875
0 0.928125 0.27265625 0.028125 0.0640625
0 0.775 0.46015625 0.03046875 0.10859375
0 0.79453125 0.39609375 0.01953125 0.06953125
0 0.8859375 0.4359375 0.04140625 0.0890625
0 0.93359375 0.40078125 0.04453125 0.09921875
0 0.921875 0.61875 0.046875 0.084375
0 0.35859375 0.35625 0.0390625 0.01953125
0 0.4609375 0.30703125 0.028125 0.025
0 0.5109375 0.24765625 0.028125 0.0296875
0 0.68046875 0.22734375 0.01953125 0.034375
0 0.721875 0.7125 0.028125 0.0640625
0 0.89453125 0.8171875 0.046875 0.025
0 0.9640625 0.7578125 0.03046875 0.0546875
0 0.99140625 0.53984375 0.0109375 0.0546875
0 0.971875 0.83671875 0.05 0.03984375
0 0.90546875 0.89140625 0.03046875 0.04453125
0 0.9140625 0.9703125 0.0359375 0.04921875
0 0.85546875 0.96015625 0.05 0.025
0 0.64140625 0.89609375 0.05859375 0.0296875
0 0.5140625 0.88125 0.04140625 0.0296875
0 0.475 0.7875 0.05546875 0.04453125
0 0.4390625 0.78203125 0.0359375 0.11875
0 0.35859375 0.7625 0.03046875 0.034375
0 0.4140625 0.7671875 0.03359375 0.03984375
0 0.31640625 0.7125 0.0140625 0.059375
0 0.3609375 0.88125 0.025 0.04453125
0 0.375 0.93046875 0.03359375 0.01953125
0 0.303125 0.90078125 0.05546875 0.04453125
0 0.1390625 0.7921875 0.06953125 0.03984375
0 0.18046875 0.7671875 0.046875 0.0546875
0 0.146875 0.678125 0.05859375 0.0296875
0 0.04453125 0.40078125 0.01640625 0.04453125
0 0.103125 0.36171875 0.01953125 0.04453125
0 0.23046875 0.2125 0.01640625 0.03984375
0 0.228125 0.12890625 0.021875 0.04453125
0 0.25546875 0.31171875 0.03046875 0.01015625
0 0.35546875 0.2421875 0.01640625 0.03984375
0 0.28359375 0.346875 0.028125 0.0046875
0 0.2890625 0.30703125 0.025 0.03984375
0 0.203125 0.3515625 0.03046875 0.025
0 0.01953125 0.30703125 0.00859375 0.059375
0 0.04140625 0.31171875 0.01953125 0.04921875
0 0.1359375 0.2125 0.028125 0.0296875
0 0.196875 0.10859375 0.00859375 0.03984375