0 0.60859375 0.66796875 0.04453125 0.034375
0 0.90546875 0.2375 0.04453125 0.04453125
0 0.953125 0.36171875 0.046875 0.025
0 0.95546875 0.415625 0.04453125 0.04453125
0 0.8890625 0.465625 0.0359375 0.025
0 0.321875 0.87109375 0.05546875 0.025
0 0.36640625 0.3765625 0.025 0.01953125
0 0.55859375 0.7078125 0.025 0.04453125
0 0.521875 0.6734375 0.01640625 0.025
0 0.5359375 0.7375 0.01953125 0.01953125
0 0.478125 0.54453125 0.01953125 0.025
0 0.253125 0.465625 0.0109375 0.0296875
0 0.20546875 0.30234375 0.021875 0.04453125