0 0.34453125 0.7671875 0.09140625 0.084375
0 0.35546875 0.4703125 0.09140625 0.059375
0 0.41953125 0.40078125 0.01640625 0.14375
0 0.64453125 0.5546875 0.09140625 0.1140625
0 0.8109375 0.37109375 0.01640625 0.1484375
0 0.96953125 0.1734375 0.05859375 0.10859375
0 0.24140625 0.27734375 0.0609375 0.07421875
0 0.103125 0.2375 0.0359375 0.12890625
0 0.28359375 0.63828125 0.06640625 0.034375
0 0.428125 0.77734375 0.04140625 0.1484375
0 0.41640625 0.8171875 0.03046875 0.14375
0 0.55546875 0.77265625 0.05546875 0.03984375
0 0.5359375 0.95078125 0.03046875 0.0546875
0 0.55546875 0.98984375 0.05 0.01953125
0 0.34140625 0.965625 0.0609375 0.0640625
0 0.3609375 0.9109375 0.0359375 0.0296875
0 0.496875 0.87109375 0.028125 0.025
0 0.646875 0.9109375 0.05859375 0.01953125
0 0.83359375 0.915625 0.03046875 0.06953125
0 0.746875 0.80703125 0.05859375 0.0546875
0 0.7 0.86640625 0.04140625 0.0296875
0 0.93359375 0.9453125 0.05 0.04453125
0 0.8640625 0.415625 0.025 0.0546875
0 0.4609375 0.5546875 0.06640625 0.04453125
0 0.43359375 0.51484375 0.025 0.07890625
0 0.19453125 0.54921875 0.0609375 0.025
0 0.375 0.415625 0.0140625 0.03984375
0 0.546875 0.33203125 0.05 0.025
0 0.41640625 0.27734375 0.01640625 0.04453125
0 0.446875 0.18828125 0.028125 0.01484375
0 0.45859375 0.153125 0.0109375 0.03984375
0 0.60546875 0.07890625 0.01640625 0.07421875
0 0.6609375 0.04453125 0.025 0.025
0 0.703125 0.07421875 0.0109375 0.04453125
0 0.278125 0.0640625 0.04140625 0.06953125
0 0.3109375 0.04453125 0.021875 0.01953125
0 0.2859375 0.16796875 0.0109375 0.034375
0 0.26953125 0.1140625 0.01953125 0.025
0 0.2109375 0.22734375 0.01953125 0.0546875
0 0.05546875 0.2625 0.046875 0.025
0 0.4609375 0.2921875 0.0359375 0.01484375