0 0.046875 0.11875 0.08359375 0.04453125
0 0.28359375 0.33671875 0.04453125 0.1140625
0 0.3640625 0.3859375 0.028125 0.1234375
0 0.4359375 0.9453125 0.146875 0.10390625
0 0.3859375 0.8859375 0.0640625 0.13828125
0 0.4 0.7578125 0.01953125 0.15859375
0 0.3 0.66328125 0.05859375 0.0546875
0 0.64453125 0.5640625 0.09453125 0.084375
0 0.7 0.30234375 0.025 0.1484375
0 0.39453125 0.5 0.04140625 0.10390625
0 0.5 0.559375 0.046875 0.07421875
0 0.54140625 0.77265625 0.021875 0.0296875
0 0.521875 0.85625 0.05 0.01953125
0 0.76953125 0.8515625 0.0640625 0.034375
0 0.79453125 0.88125 0.04140625 0.0640625
0 0.68359375 0.92578125 0.05546875 0.025
0 0.69140625 0.8765625 0.046875 0.01953125
0 0.98046875 0.62890625 0.03359375 0.0546875
0 0.9640625 0.19765625 0.06640625 0.10390625
0 0.9609375 0.1828125 0.046875 0.04453125
0 0.66640625 0.07421875 0.0359375 0.0296875
0 0.575 0.04921875 0.025 0.03984375
0 0.4109375 0.24765625 0.01953125 0.03984375
0 0.4359375 0.153125 0.025 0.034375
0 0.2890625 0.07890625 0.01640625 0.09921875
0 0.33046875 0.0640625 0.03359375 0.06953125
0 0.121875 0.4453125 0.05859375 0.084375
0 0.26953125 0.51953125 0.046875 0.01953125
0 0.3640625 0.54921875 0.0109375 0.0546875
0 0.446875 0.3171875 0.03359375 0.01953125
0 0.53359375 0.37109375 0.0359375 0.059375
0 0.4359375 0.2125 0.03046875 0.01015625
0 0.39453125 0.1234375 0.025 0.01484375
0 0.83359375 0.415625 0.01953125 0.0640625
0 0.29453125 0.90078125 0.03359375 0.025