0 0.471875 0.48515625 0.0359375 0.11875
0 0.48046875 0.703125 0.06640625 0.13828125
0 0.678125 0.93046875 0.0609375 0.13359375
0 0.75546875 0.60390625 0.08359375 0.059375
0 0.59453125 0.54453125 0.0640625 0.04453125
0 0.6890625 0.24765625 0.01953125 0.14375
0 0.278125 0.0546875 0.146875 0.04453125
0 0.4109375 0.084375 0.04453125 0.07890625
0 0.3609375 0.27265625 0.04140625 0.13359375
0 0.38359375 0.415625 0.021875 0.1234375
0 0.1609375 0.24765625 0.078125 0.07421875
0 0.36640625 0.6734375 0.05546875 0.0296875
0 0.203125 0.5546875 0.0390625 0.059375
0 0.35546875 0.53984375 0.04453125 0.0296875
0 0.43359375 0.4453125 0.028125 0.0546875
0 0.4640625 0.2875 0.01953125 0.0546875
0 0.3109375 0.2921875 0.025 0.01484375
0 0.31640625 0.14375 0.046875 0.025
0 0.196875 0.30703125 0.01953125 0.04921875
0 0.2359375 0.30703125 0.0140625 0.0546875
0 0.84453125 0.85625 0.05546875 0.0546875
0 0.878125 0.86171875 0.05 0.0296875
0 0.75546875 0.86171875 0.05 0.0296875
0 0.7859375 0.940625 0.053125 0.0296875
0 0.6359375 0.8515625 0.05546875 0.01953125
0 0.53359375 0.77734375 0.028125 0.01953125
0 0.575 0.4359375 0.0140625 0.04453125
0 0.5 0.321875 0.025 0.01953125
0 0.528125 0.203125 0.025 0.01484375
0 0.4890625 0.13828125 0.025 0.0296875
0 0.4359375 0.15859375 0.025 0.01484375
0 0.70859375 0.06953125 0.0390625 0.034375
0 0.8609375 0.3765625 0.025 0.059375
0 0.9890625 0.465625 0.01953125 0.0296875
0 0.975 0.59375 0.03359375 0.04453125