0 0.696875 0.46015625 0.14453125 0.1828125
0 0.071875 0.72734375 0.14140625 0.153125
0 0.95546875 0.48515625 0.08359375 0.09375
0 0.64140625 0.1734375 0.13046875 0.10390625
0 0.4109375 0.2328125 0.028125 0.178125
0 0.2140625 0.0546875 0.103125 0.0546875
0 0.23046875 0.3515625 0.01953125 0.153125
0 0.44140625 0.60390625 0.05 0.06953125
0 0.4390625 0.48046875 0.021875 0.059375
0 0.528125 0.321875 0.05 0.03984375
0 0.54140625 0.27265625 0.0359375 0.01953125
0 0.578125 0.27734375 0.028125 0.01484375
0 0.228125 0.21796875 0.025 0.059375
0 0.28046875 0.2578125 0.03046875 0.01484375
0 0.39140625 0.03984375 0.03359375 0.01484375
0 0.3390625 0.09375 0.028125 0.01015625
0 0.7859375 0.80234375 0.0609375 0.0296875
0 0.8859375 0.7921875 0.05 0.034375
0 0.9828125 0.771875 0.034375 0.05
0 0.95859375 0.89609375 0.0640625 0.0296875
0 0.3890625 0.296875 0.03046875 0.025
0 0.953125 0.2671875 0.03046875 0.04453125
0 0.7609375 0.4359375 0.075 0.04453125
0 0.646875 0.45078125 0.01953125 0.059375
0 0.271875 0.48046875 0.04140625 0.0296875
0 0.296875 0.84140625 0.04140625 0.0296875