0 0.71640625 0.2421875 0.11953125 0.09921875
0 0.678125 0.09375 0.15859375 0.07890625
0 0.69140625 0.0546875 0.00859375 0.04453125
0 0.778125 0.04453125 0.0390625 0.01953125
0 0.65546875 0.04921875 0.04453125 0.01953125
0 0.58046875 0.04921875 0.05859375 0.034375
0 0.44453125 0.36171875 0.0859375 0.07421875
0 0.375 0.27734375 0.1109375 0.025
0 0.25 0.346875 0.03359375 0.12890625
0 0.7640625 0.51484375 0.121875 0.12890625
0 0.9609375 0.53984375 0.06953125 0.10859375
0 0.278125 0.7625 0.171875 0.10390625
0 0.44453125 0.61875 0.0109375 0.084375
0 0.45859375 0.57890625 0.0109375 0.0640625
0 0.59140625 0.40625 0.05546875 0.03984375
0 0.5859375 0.296875 0.0359375 0.025
0 0.625 0.18828125 0.03359375 0.01484375
0 0.45546875 0.09921875 0.04140625 0.01015625
0 0.2640625 0.059375 0.025 0.04453125
0 0.30859375 0.33671875 0.01953125 0.0296875
0 0.275 0.30234375 0.01640625 0.034375
0 0.39140625 0.8515625 0.03046875 0.01953125
0 0.428125 0.84140625 0.0390625 0.04453125
0 0.84140625 0.7875 0.04140625 0.025
0 0.91640625 0.7671875 0.04140625 0.03984375
0 0.625 0.5296875 0.00546875 0.04921875
0 0.9390625 0.2625 0.03046875 0.03984375
0 0.321875 0.48984375 0.01640625 0.0296875