0 0.43046875 0.69296875 0.13046875 0.10390625
0 0.46640625 0.81171875 0.03359375 0.0296875
0 0.48359375 0.7625 0.053125 0.0546875
0 0.528125 0.4453125 0.0859375 0.0296875
0 0.45546875 0.38125 0.0859375 0.0546875
0 0.7859375 0.24765625 0.15 0.059375
0 0.81640625 0.2078125 0.11953125 0.0546875
0 0.84453125 0.45546875 0.1 0.10390625
0 0.88046875 0.46015625 0.06640625 0.0296875
0 0.98046875 0.48984375 0.03046875 0.06953125
0 0.953125 0.77265625 0.03046875 0.01953125
0 0.89453125 0.74765625 0.0390625 0.03984375
0 0.65546875 0.4703125 0.0390625 0.07421875
0 0.63046875 0.2578125 0.03046875 0.025
0 0.653125 0.178125 0.03046875 0.01015625
0 0.68046875 0.084375 0.04140625 0.01953125
0 0.6609375 0.03984375 0.05859375 0.01484375
0 0.2640625 0.22265625 0.053125 0.13828125
0 0.2859375 0.321875 0.0109375 0.059375
0 0.30859375 0.3265625 0.00859375 0.06953125
0 0.43359375 0.56953125 0.021875 0.07421875
0 0.36953125 0.4953125 0.046875 0.01484375
0 0.45546875 0.61875 0.025 0.034375
0 0.7859375 0.04453125 0.0390625 0.01484375