0 0.45859375 0.296875 0.1890625 0.10859375
0 0.54453125 0.35625 0.09453125 0.06953125
0 0.44453125 0.2078125 0.1109375 0.07890625
0 0.228125 0.18828125 0.028125 0.07890625
0 0.2609375 0.19296875 0.025 0.07421875
0 0.41640625 0.4109375 0.053125 0.07421875
0 0.925 0.16796875 0.11640625 0.059375
0 0.9359375 0.36171875 0.071875 0.034375
0 0.6859375 0.40625 0.0609375 0.03984375
0 0.53359375 0.63828125 0.071875 0.034375
0 0.5109375 0.6828125 0.06640625 0.03984375
0 0.45859375 0.69765625 0.03359375 0.034375
0 0.40859375 0.57421875 0.0359375 0.025
0 0.65859375 0.1484375 0.03359375 0.01953125
0 0.65859375 0.14375 0.025 0.01953125
0 0.696875 0.03984375 0.021875 0.01953125
0 0.96953125 0.703125 0.0359375 0.0296875
0 0.9609375 0.653125 0.03359375 0.01953125
0 0.9609375 0.89140625 0.0390625 0.0296875
0 0.60859375 0.5046875 0.028125 0.01484375
0 0.39453125 0.43046875 0.046875 0.025