0 0.65859375 0.4359375 0.0609375 0.0890625
0 0.8109375 0.39140625 0.10546875 0.0546875
0 0.846875 0.1828125 0.053125 0.13359375
0 0.51953125 0.059375 0.03359375 0.0546875
0 0.2109375 0.22734375 0.053125 0.04921875
0 0.24453125 0.18828125 0.0359375 0.01953125
0 0.0390625 0.1234375 0.0359375 0.07421875
0 0.403125 0.54453125 0.0390625 0.034375
0 0.41953125 0.51484375 0.028125 0.025
0 0.43046875 0.6734375 0.0390625 0.03984375
0 0.525 0.525 0.03359375 0.03984375
0 0.7140625 0.64375 0.04453125 0.06953125
0 0.84453125 0.65859375 0.08046875 0.0296875
0 0.7640625 0.60859375 0.0640625 0.03984375
0 0.60859375 0.4953125 0.053125 0.04921875
0 0.74140625 0.2421875 0.021875 0.059375
0 0.76640625 0.2421875 0.021875 0.01953125
0 0.84453125 0.4359375 0.046875 0.0296875
0 0.98359375 0.534375 0.01640625 0.07890625
0 0.55546875 0.34140625 0.03359375 0.025
0 0.725 0.51015625 0.0359375 0.01015625