0 0.53359375 0.16796875 0.05859375 0.04921875
0 0.5359375 0.21796875 0.06640625 0.07890625
0 0.6609375 0.5640625 0.025 0.07890625
0 0.6390625 0.5640625 0.028125 0.059375
0 0.83359375 0.3515625 0.04140625 0.09921875
0 0.8359375 0.475 0.03359375 0.10390625
0 0.871875 0.42578125 0.046875 0.04921875
0 0.93359375 0.6828125 0.075 0.034375
0 0.74140625 0.72734375 0.05546875 0.04453125
0 0.8109375 0.64375 0.04140625 0.03984375
0 0.9359375 0.60859375 0.021875 0.034375
0 0.69453125 0.346875 0.00546875 0.0546875
0 0.775 0.0640625 0.0140625 0.0546875
0 0.721875 0.04921875 0.01953125 0.025
0 0.66953125 0.07421875 0.028125 0.03984375
0 0.81640625 0.059375 0.03359375 0.03984375
0 0.76640625 0.059375 0.0109375 0.03984375
0 0.91640625 0.04921875 0.00546875 0.01953125
0 0.971875 0.04921875 0.025 0.03984375
0 0.18359375 0.27265625 0.04453125 0.0296875
0 0.03046875 0.14375 0.0359375 0.0546875
0 0.21953125 0.2328125 0.01640625 0.0296875
0 0.253125 0.27265625 0.028125 0.01953125
0 0.3640625 0.51953125 0.01953125 0.04453125
0 0.41953125 0.51015625 0.025 0.025
0 0.54453125 0.57421875 0.03046875 0.0296875
0 0.571875 0.38125 0.025 0.025
0 0.76953125 0.3171875 0.01640625 0.034375
0 0.7890625 0.2421875 0.00859375 0.03984375
0 0.73359375 0.525 0.025 0.01484375
0 0.65859375 0.80234375 0.0359375 0.025