0 0.30546875 0.346875 0.04140625 0.0296875
0 0.1640625 0.30234375 0.078125 0.1484375
0 0.7640625 0.296875 0.03359375 0.04453125
0 0.321875 0.51953125 0.0109375 0.03984375
0 0.23359375 0.5546875 0.01640625 0.04453125
0 0.23359375 0.46015625 0.01953125 0.04921875
0 0.275 0.7875 0.025 0.01953125
0 0.375 0.66328125 0.01640625 0.04921875
0 0.21640625 0.71796875 0.028125 0.04453125
0 0.1390625 0.57890625 0.01640625 0.059375
0 0.03359375 0.27734375 0.0359375 0.04453125
0 0.08359375 0.69296875 0.0359375 0.034375
0 0.19140625 0.10390625 0.01640625 0.034375
0 0.2609375 0.57421875 0.025 0.0296875
0 0.34140625 0.65859375 0.021875 0.034375
0 0.40546875 0.72734375 0.01640625 0.0640625