0 0.34453125 0.19765625 0.0140625 0.1140625
0 0.2109375 0.2921875 0.03359375 0.09375
0 0.21640625 0.21796875 0.0109375 0.04921875
0 0.221875 0.153125 0.025 0.06953125
0 0.2 0.06953125 0.01640625 0.07421875
0 0.18359375 0.0890625 0.025 0.1140625
0 0.13359375 0.22734375 0.0359375 0.10390625
0 0.5 0.4703125 0.05546875 0.01953125
0 0.696875 0.13828125 0.01640625 0.04921875
0 0.25546875 0.821875 0.0390625 0.034375
0 0.50546875 0.90625 0.078125 0.034375
0 0.39453125 0.77734375 0.03359375 0.0296875
0 0.246875 0.7421875 0.021875 0.04453125
0 0.18046875 0.7921875 0.021875 0.03984375
0 0.1390625 0.7421875 0.0140625 0.025