0 0.703125 0.19765625 0.046875 0.0890625
0 0.76953125 0.10859375 0.05859375 0.0296875
0 0.5890625 0.703125 0.028125 0.04453125
0 0.66640625 0.5046875 0.021875 0.025
0 0.721875 0.8265625 0.028125 0.034375
0 0.66640625 0.8859375 0.01953125 0.0296875
0 0.33359375 0.48984375 0.025 0.01953125
0 0.31640625 0.46015625 0.0109375 0.04921875
0 0.25 0.475 0.00859375 0.03984375
0 0.296875 0.07421875 0.01640625 0.0546875
0 0.103125 0.51953125 0.021875 0.09375
0 0.278125 0.46015625 0.021875 0.01484375
0 0.30546875 0.3765625 0.01640625 0.01484375
0 0.221875 0.42578125 0.01640625 0.0296875
0 0.203125 0.4953125 0.025 0.01953125
0 0.6140625 0.6484375 0.021875 0.025
0 0.4859375 0.7375 0.025 0.01015625