0 0.75 0.0546875 0.05 0.03984375
0 0.76640625 0.2328125 0.03359375 0.09375
0 0.8359375 0.22265625 0.0140625 0.10390625
0 0.953125 0.203125 0.021875 0.10859375
0 0.91640625 0.35625 0.05859375 0.07421875
0 0.978125 0.4453125 0.03046875 0.06953125
0 0.878125 0.35625 0.01640625 0.0640625
0 0.853125 0.36171875 0.0140625 0.059375
0 0.775 0.5546875 0.0109375 0.0890625
0 0.83359375 0.92109375 0.05 0.06953125
0 0.9140625 0.9359375 0.04453125 0.0640625
0 0.603125 0.95546875 0.0609375 0.034375
0 0.528125 0.95078125 0.05859375 0.0296875
0 0.60546875 0.3765625 0.046875 0.04921875
0 0.73046875 0.48984375 0.00546875 0.04921875
0 0.60546875 0.4453125 0.0109375 0.04921875
0 0.58046875 0.2625 0.01953125 0.059375
0 0.50546875 0.10859375 0.0140625 0.06953125
0 0.39453125 0.440625 0.0359375 0.0296875
0 0.378125 0.465625 0.025 0.034375