0 0.91640625 0.2125 0.1140625 0.06953125
0 0.853125 0.07890625 0.075 0.09375
0 0.89140625 0.07421875 0.01953125 0.0640625
0 0.83359375 0.321875 0.01953125 0.084375
0 0.878125 0.3265625 0.021875 0.10390625
0 0.91640625 0.321875 0.021875 0.1140625
0 0.9609375 0.42578125 0.00859375 0.06953125
0 0.853125 0.6234375 0.028125 0.09375
0 0.60546875 0.3515625 0.04453125 0.0640625
0 0.64453125 0.346875 0.00859375 0.059375
0 0.83046875 0.203125 0.00859375 0.0640625
0 0.44140625 0.1140625 0.03046875 0.01953125
0 0.525 0.21796875 0.03046875 0.04921875
0 0.378125 0.4453125 0.0390625 0.0296875
0 0.2609375 0.3859375 0.04140625 0.04453125
0 0.396875 0.37109375 0.01640625 0.01953125
0 0.48046875 0.51015625 0.021875 0.025
0 0.39140625 0.48515625 0.025 0.025
0 0.61640625 0.559375 0.01953125 0.0296875