0 0.675 0.24765625 0.128125 0.1140625
0 0.85859375 0.1484375 0.071875 0.1140625
0 0.85546875 0.06953125 0.00859375 0.07890625
0 0.896875 0.40625 0.03359375 0.09921875
0 0.8890625 0.40625 0.0109375 0.09921875
0 0.83359375 0.346875 0.046875 0.0640625
0 0.9140625 0.16796875 0.0109375 0.07421875
0 0.84140625 0.66796875 0.03359375 0.07890625
0 0.646875 0.39609375 0.0140625 0.059375
0 0.55859375 0.27734375 0.0390625 0.07421875
0 0.5 0.296875 0.0359375 0.04453125
0 0.4640625 0.48515625 0.028125 0.034375
0 0.33359375 0.559375 0.0140625 0.0640625
0 0.378125 0.475 0.0359375 0.03984375
0 0.346875 0.43046875 0.021875 0.04453125
0 0.478125 0.13359375 0.021875 0.025
0 0.58359375 0.60390625 0.028125 0.025
0 0.4140625 0.36171875 0.03046875 0.01484375
0 0.953125 0.475 0.021875 0.059375