0 0.33359375 0.3765625 0.11640625 0.0546875
0 0.5609375 0.04453125 0.05859375 0.034375
0 0.84140625 0.084375 0.1 0.07890625
0 0.7359375 0.2125 0.0640625 0.10390625
0 0.76640625 0.19765625 0.0140625 0.07890625
0 0.453125 0.19296875 0.028125 0.07890625
0 0.4609375 0.16328125 0.021875 0.0296875
0 0.4 0.321875 0.0359375 0.025
0 0.4140625 0.465625 0.021875 0.03984375
0 0.0390625 0.46015625 0.025 0.06953125
0 0.725 0.3765625 0.04140625 0.059375
0 0.78359375 0.48046875 0.0359375 0.0640625
0 0.79140625 0.48515625 0.00859375 0.10390625
0 0.86640625 0.51015625 0.01953125 0.059375
0 0.58359375 0.4453125 0.01640625 0.0546875
0 0.346875 0.9109375 0.046875 0.034375
0 0.3359375 0.88125 0.0359375 0.0296875
0 0.275 0.86171875 0.0390625 0.0296875
0 0.74453125 0.7125 0.04140625 0.0640625
0 0.96953125 0.60859375 0.00859375 0.059375
0 0.9890625 0.3265625 0.01640625 0.0546875
0 0.94453125 0.27265625 0.03359375 0.09921875
0 0.8609375 0.27734375 0.00859375 0.0640625