0 0.53359375 0.2875 0.103125 0.22734375
0 0.38359375 0.4109375 0.06640625 0.04921875
0 0.49453125 0.63828125 0.075 0.0640625
0 0.65859375 0.25234375 0.028125 0.16796875
0 0.75546875 0.440625 0.0390625 0.13359375
0 0.5609375 0.06953125 0.078125 0.034375
0 0.40546875 0.0546875 0.01953125 0.03984375
0 0.103125 0.21796875 0.04453125 0.16328125
0 0.24453125 0.11875 0.0140625 0.04921875
0 0.196875 0.59921875 0.053125 0.07890625
0 0.2640625 0.61875 0.03046875 0.12890625
0 0.41953125 0.93046875 0.046875 0.03984375
0 0.578125 0.77734375 0.053125 0.03984375
0 0.63046875 0.80234375 0.053125 0.04453125
0 0.66640625 0.84140625 0.05 0.04453125
0 0.8359375 0.64375 0.04140625 0.09921875
0 0.88046875 0.60390625 0.053125 0.04921875
0 0.946875 0.74765625 0.04140625 0.06953125
0 0.828125 0.7671875 0.05 0.03984375
0 0.8859375 0.7671875 0.03046875 0.04921875
0 0.61640625 0.678125 0.05546875 0.025
0 0.675 0.5546875 0.028125 0.04921875
0 0.56953125 0.54921875 0.053125 0.025
0 0.34140625 0.37109375 0.01953125 0.025