0 0.91640625 0.1234375 0.08046875 0.178125
0 0.728125 0.07421875 0.05546875 0.084375
0 0.41640625 0.04453125 0.078125 0.01953125
0 0.34453125 0.57421875 0.10546875 0.09921875
0 0.628125 0.415625 0.0359375 0.153125
0 0.803125 0.48984375 0.03046875 0.12890625
0 0.803125 0.6828125 0.025 0.04921875
0 0.7890625 0.78203125 0.021875 0.07421875
0 0.68359375 0.796875 0.05546875 0.0546875
0 0.721875 0.86640625 0.0359375 0.0546875
0 0.75546875 0.75234375 0.028125 0.04921875
0 0.8640625 0.90625 0.0390625 0.04921875
0 0.6390625 0.92109375 0.03046875 0.07421875
0 0.2890625 0.33203125 0.06953125 0.15859375
0 0.228125 0.31171875 0.06640625 0.04453125
0 0.18046875 0.1734375 0.0640625 0.178125
0 0.078125 0.72734375 0.078125 0.07890625
0 0.11640625 0.7078125 0.05 0.034375
0 0.18046875 0.653125 0.04140625 0.04921875
0 0.35859375 0.69765625 0.046875 0.07421875
0 0.446875 0.57890625 0.025 0.09921875
0 0.40859375 0.36640625 0.028125 0.04921875
0 0.58359375 0.30234375 0.03046875 0.01484375
0 0.5 0.59375 0.028125 0.04453125
0 0.55546875 0.7125 0.05 0.01953125
0 0.621875 0.59921875 0.04140625 0.01953125
0 0.478125 0.8265625 0.05546875 0.03984375
0 0.528125 0.88125 0.05 0.025