0 0.5578125 0.1734375 0.1015625 0.1
0 0.5828125 0.02578125 0.12734375 0.05
0 0.73046875 0.19921875 0.034375 0.11015625
0 0.78828125 0.29609375 0.075 0.06171875
0 0.7765625 0.6 0.0359375 0.04609375
0 0.8234375 0.571875 0.03984375 0.065625
0 0.86015625 0.45703125 0.025 0.07421875
0 0.87890625 0.3984375 0.0171875 0.1203125
0 0.83515625 0.33359375 0.02734375 0.065625
0 0.73828125 0.32890625 0.06015625 0.06328125
0 0.7328125 0.44296875 0.034375 0.05078125
0 0.965625 0.1890625 0.02734375 0.084375
0 0.9546875 0.103125 0.0265625 0.10390625