0 0.36015625 0.23515625 0.04765625 0.20546875
0 0.6015625 0.128125 0.0875 0.0890625
0 0.58828125 0.371875 0.06640625 0.053125
0 0.6953125 0.378125 0.05703125 0.05
0 0.7765625 0.0765625 0.0765625 0.1265625
0 0.80703125 0.175 0.04140625 0.05703125
0 0.8578125 0.21796875 0.02734375 0.08203125
0 0.978125 0.35859375 0.0390625 0.10078125
0 0.90390625 0.3265625 0.0140625 0.05078125
0 0.928125 0.3171875 0.025 0.05625
0 0.9546875 0.28359375 0.01796875 0.0703125
0 0.9828125 0.14609375 0.02578125 0.0859375