0 0.5359375 0.14140625 0.11484375 0.08203125
0 0.78828125 0.59765625 0.06875 0.06796875
0 0.83515625 0.54140625 0.05078125 0.0484375
0 0.85625 0.4484375 0.02578125 0.07890625
0 0.8828125 0.346875 0.01796875 0.08203125
0 0.84140625 0.32578125 0.0296875 0.07890625
0 0.7265625 0.440625 0.0546875 0.06171875
0 0.77265625 0.3 0.07109375 0.0703125
0 0.7171875 0.31171875 0.04765625 0.07578125
0 0.7265625 0.18125 0.040625 0.1234375
0 0.95859375 0.16875 0.04765625 0.09921875
0 0.95078125 0.0765625 0.0390625 0.0984375