0 0.38203125 0.0734375 0.12734375 0.06953125
0 0.403125 0.05859375 0.0546875 0.115625
0 0.67578125 0.05546875 0.040625 0.0984375
0 0.65078125 0.2140625 0.02734375 0.08984375
0 0.6671875 0.39375 0.08671875 0.03671875
0 0.7 0.33515625 0.05859375 0.06328125
0 0.82734375 0.23671875 0.0296875 0.07421875
0 0.85625 0.20390625 0.02421875 0.084375
0 0.8703125 0.33203125 0.02109375 0.1046875
0 0.90625 0.48671875 0.06484375 0.09140625
0 0.928125 0.38671875 0.04453125 0.096875
0 0.978125 0.20546875 0.01484375 0.06953125