0 0.609375 0.2015625 0.10234375 0.09609375
0 0.64140625 0.03125 0.1421875 0.0625
0 0.7296875 0.071875 0.02734375 0.13984375
0 0.7578125 0.2515625 0.0453125 0.08359375
0 0.7515625 0.6015625 0.03984375 0.06328125
0 0.80546875 0.52890625 0.0671875 0.09453125
0 0.8703125 0.4515625 0.0265625 0.10703125
0 0.7546875 0.4796875 0.03203125 0.059375
0 0.78984375 0.35625 0.07265625 0.06015625
0 0.82265625 0.30234375 0.06328125 0.04921875
0 0.96015625 0.24375 0.025 0.096875
0 0.94921875 0.153125 0.0359375 0.1015625
0 0.8890625 0.03125 0.03203125 0.0453125